1801.8287371377141
1812.406665027154
1803.096261467358
1799.5867543859144
1807.5266647018323
1800.952080762039
1805.5938006444458
1802.5274569149826
1810.1478444073043
1807.0996344235264
1809.1630343120905
1806.3618448074596
1801.3336473804743
1811.9418969602639
1801.7987646112529
1811.7413050657199
1800.5772679301729
1801.4034711826325
1801.9357446163592
1808.5660774046544
1804.8949208841589
1804.5841426608822
1812.6782193881097
1807.485008104259
1805.5897931700874
1810.6403323101572
1803.1037682843537
1816.1083314884006
1806.1413777134846
1804.41479652278
1812.5204236605036
1812.4441908748622
1822.2651037489954
1810.1168462617015
1806.0075688248407
1804.0493770906055
1817.595682198256
1804.5108169221548
1805.692358093166
1804.0079766059573
1814.87293677227
1796.53873755532
1805.1443222485793
1805.3868855033918
1804.1477180542834
1806.0038397379878
1812.5639338917194
1806.1261156679257
1803.5197043113167
1803.6012744487775
1814.5742681801635
