1032.4083839674342
1015.9302280757306
1051.6819286970067
1060.4139955300118
1044.27369166761
1034.9332825847612
1060.315594362453
1042.9319197412879
1025.3073358232477
1018.0429973386581
1024.7476552987405
1052.7477380906034
1038.034104879898
1058.6308524889241
1025.828751968282
1020.2779246702595
1050.1667946864795
1028.1258477836802
1033.1412108271525
1071.8200371510013
1016.8422851431206
1064.9034045134513
1043.1070369453284
1010.8879820001343
1022.4244237422091
1040.932679614986
1020.5066523585143
1069.5704568736182
1010.0202003842297
1029.1790851498483
1038.2707917898097
1028.2753071647148
1035.084899993914
1035.389257105321
1026.3133585512692
1029.6964132022233
1023.1898902965067
1015.1805133111179
1027.0058347745974
1029.185674949433
1023.7135026186617
1044.3070346243085
1045.441208192775
1032.4463008698879
1034.9278273789623
1019.4350058919572
1036.5434573215152
1035.94829956259
1012.9742437363593
1022.7530604987261
1030.4623292537274
1023.0873923411622
1032.4049942512754
1018.2447067139459
1027.6420451756007
1031.439223246357
1014.9695374722178
1030.7618404328298
1032.326950209417
1015.7258887805497
1022.2404014282648
1021.333999869099
1014.3316659169782
1032.940404364981
1065.2585605478298
1028.4645040036914
1059.4486186018353
1042.632198087673
1033.0194867792657
1039.6211327541132
1020.7608922133924
1049.1561336986008
1029.549034647488
1033.2521455836504
1029.2952631218238
1033.2684955739298
1031.687700922465
1022.9489488632687
1047.4407533518981
1036.9020589641789
1034.2028326396535
1058.4303057829673
1018.2473315929527
1042.8404723337796
1047.6958988904346
1019.9967635514864
1048.916557728015
1020.2013529247528
1022.4465540930535
1029.5113619495896
1033.4544840123585
1038.4267977460072
1020.7377611201578
1033.7772505346973
1033.5435159769306
1014.7562890295094
1027.6836359728206
1026.6131011921611
1029.0184112099012
1029.0660398339153
1046.344868359175
1041.7399595184086
1051.430170944021
1037.4956056673773
1029.0662311810418
1033.8368083072044
1037.4237314792065
1016.3256323132061
1044.0178591763665
1051.9442674640545
1035.3258870033526
1040.3515791947307
1030.0554121259606
1015.7704964252966
1023.3421767133532
1019.1578308429118
1042.104887777763
1024.9374068272477
1042.141486399989
1032.84244797078
1028.7419172572922
1052.0291972608763
1037.5073962848817
1018.0918084093838
1042.4733783794622
1010.2590837377489
1028.0891705196314
1021.065382589914
1022.2747584365852
1026.2300987242731
1033.0114039319242
1061.374248349715
1029.0253796432382
1031.7695738792129
1022.8195168879128
1014.4324507658469
1040.7201873513984
1049.3486834384998
1031.777420215868
1030.3657490957194
1033.4164863608164
1050.9212623991245
1037.2333991257003
1025.5617155283037
1039.1238005106218
1031.5994946285773
1041.4067709542685
1040.014671431352
1031.109361064514
1044.0535291236904
1025.5735819724625
1018.0411379034223
1038.0172371649744
1045.027622283989
1040.3893659260211
1037.321223018352
1027.480305005124
1020.3052447052046
1030.0687181125504
1026.6968458105123
1042.22158402621
1058.9950827814082
1034.7882465649166
1060.5815897252294
1029.8221206055082
1024.1552829390098
1034.9565968453728
1044.3159133529466
1040.2159818732268
1040.6405232198913
1037.9112810653182
1021.4550840320982
1048.8419082381877
1019.2216188107478
1062.0870080680436
1034.8861761353694
1058.1221434936285
1043.3520128719717
1048.3888210455534
1039.4518913760169
1013.0296152350077
1055.547502305537
1026.888678978557
1025.5349285498237
1057.5302907376893
1040.9847731096309
1025.4266197859108
1036.8464843809243
1023.0648570477592
1016.82760003981
1057.6078117245456
1025.0717298939844
1017.5241418173048
1033.3654767724154
1033.3519531689635
1029.4917511598487
1033.4265830736022
1020.6412632987744
1026.6296281875705
1038.9073324318283
1055.031125630593
1021.8033450246851
1043.3082273041198
1047.7913733115722
1034.5875388393179
1033.6080014194813
1031.0119520809828
1055.6496603349324
1051.6679701403316
1039.2031166781596
1040.2656666591995
1034.4626897721782
1044.4758000525992
1068.7761474581557
1034.4126046306762
1056.2331649707141
1059.0785124048136
1031.55644635377
1033.8926845758783
1063.2652622386988
1050.0480729213127
1038.200544508823
1044.6441637719638
1025.808365242316
1038.897738743838
1023.5272651585997
1049.9752839485034
1034.261459438862
1035.850850333789
1036.6270970341766
1024.7958228437549
1034.4300295315275
1027.7864907728135
1031.3584579837388
1064.676984683755
1030.1077243985217
1024.9323707134097
1030.4690010902311
1085.998826826971
1029.213609350014
1033.4554593100047
1023.1812461632333
1038.2175199617968
1026.158959466023
1031.3035422130238
1025.320362298319
1038.6705309585498
1039.1869103835527
1023.7065110602296
1019.3562169496494
1028.6973282578567
1025.4246043794424
1034.4824362817913
1040.1477338792613
1039.6730929340565
1037.9455387142852
1026.4455993506049
1015.2511555562977
1078.9619835234164
1023.2871418039015
1031.515260356279
1018.7051355156244
1018.4820217701108
1016.041360999851
1037.498338343369
1020.7498362918889
1022.3125665814849
1021.973513578462
1052.5347177580968
1031.7915767124152
1015.4237998732875
1013.8312213382737
1027.3292050734183
1029.765307366696
1025.798652643823
1047.407880509925
1027.4698102006537
1021.6774128139032
1033.9306297867997
1035.9751919153637
1038.6057890813363
1023.3149115803475
1009.366284120183
1027.3291714201903
1036.3043898365054
1027.9364943965202
1018.3210578961348
1024.783730623964
1039.3925607224219
1015.2566891993632
1062.299625041942
1022.5420803521012
1039.6720064490758
1034.5401269937774
1028.5544124810774
1019.8095750626859
1031.1331110031526
1061.980866135956
1044.6464568076076
1023.8186024607619
1026.7461853465766
1036.4799395856207
1031.3634548246473
