1979.135757913866
1931.7751741711463
1990.6363289548337
2010.6898420940804
1986.5264139185792
1954.7992595608257
2039.4713483676935
1955.4058425088654
1924.446687206459
1929.918419957816
1947.0071284328226
1933.8743887812877
1932.7295917462418
1958.6252487591476
1964.6346020662259
1974.2637793009485
1985.9994413561938
1977.8545148931278
2034.160062811576
2051.5369732154013
1984.1399752041652
1967.3973203626833
2016.425711677611
1995.0525915354228
1918.2190175041183
1980.8397038080334
1933.8278265402473
1935.5663765587665
1949.1211084357417
1941.0314318743908
1960.4566907091596
2049.8563026925226
1937.3928670742775
1965.479981138929
1946.0673832675473
1965.2884891773626
1928.0091078291778
1965.707918106323
1956.1793211640543
1949.5188989074932
2006.5066265968312
1919.9028858343977
2023.2678979987616
1964.481530651112
1968.7816121828478
1904.0616627415116
1962.5107220787522
1963.3895897662687
1946.7678894150536
1960.1718343268249
1955.6754011128328
1932.0308689212513
1962.8531836410077
1959.6777194395902
1930.9798491561946
1937.6938492252323
1972.1190393403774
1940.5659435530729
1917.8548026042656
1942.6055827888254
2105.926038038611
1942.9381527332473
1902.2897398668297
1997.259470386614
1978.0610148292133
1970.4033843641323
2005.4083508658316
1951.5665421248532
1928.9275611062212
1949.8477082865802
1951.76082408836
1985.2417019509985
1956.368453257782
1994.6010780749903
2025.565288420752
2023.2858451511606
1987.1210207482636
1942.0140554803465
2086.39946839501
1941.7427654051974
1911.3718607084631
1951.3995912629289
1965.6044300657757
1964.7827429886618
1983.168199464266
2088.0277144387833
1985.3082934481008
1974.767711572822
1960.9560688185231
2003.144746513902
2025.7970030664658
2066.898808882885
1961.9124722949332
1953.1795200395986
1970.207108669737
1941.494726921531
1962.1040369285977
1983.2655912534542
2006.7827869983257
2073.228531057954
1999.257118609505
2002.5446435906078
2004.3510455475612
2023.4550533462877
1963.380742628364
1993.278061840364
1931.6727024143377
1931.1463503335326
1917.4590008189225
1953.192952914356
2019.3368114417126
1995.3161760020598
1936.5489772883127
1966.1945541614637
2006.854091357523
1978.3184503333036
1990.4369692275288
2110.1907965915543
1924.7338261538898
1969.4951654293857
2015.3214039740274
1990.0830038179322
1964.4945816145496
1930.2754345248488
1941.4793600680184
2006.3365976462144
1936.2780676835084
1943.307003253003
1915.7199429164846
2011.9607005453954
1983.9302912959386
1974.02966165022
1979.84201237971
1931.720412885533
1968.3939727841703
1929.992139526918
1970.5885733350824
2003.927229804484
1979.8471937792176
1950.7768145800594
1974.0030105744784
2001.1872957596813
1973.4277106239947
1970.9764931975037
1938.9044194666642
1978.428571088349
1956.9391548520032
1944.4588691393817
1995.7831692739826
1985.4834936953143
1956.6943616213973
1980.4614160061005
1916.6909232131638
1948.202144491388
1919.0236634722492
1962.0308543632173
1925.7232475973333
1952.2449933889088
1926.7365973309531
1971.7116158237375
1956.1621573994262
1917.425031308661
1930.3497338472146
1974.0022722078368
1994.3140430508101
1928.2979376553953
2001.3377312249686
1951.0542330787791
2075.8623265127007
1930.7083538420916
1954.523993114183
1979.8554703972598
2008.2991794634745
2007.7514832764634
1919.0479064095675
1902.0631407880928
1905.485861870488
1905.2546147545745
1945.5260746143267
1956.6918361495689
1967.9119988909488
2011.6800248688903
2005.9225324928684
1942.6566069127653
1944.157065578519
1953.9844612627505
1925.3142483079805
1962.1909722572332
2073.724159751834
1966.9782040900768
1936.4769274376852
1949.9537844838549
1969.275219656642
1962.570194823513
1956.1299082270486
1938.7159519084107
1985.3301133494842
1985.7912607194664
2037.0065660318603
1934.2658399252127
1943.3315986666573
1933.332118792781
2010.4627719309367
1993.328151448544
1933.1052750493377
1971.2108271862617
1963.5839128621062
1966.8222737532283
2007.521681715282
1989.2403212557108
1957.2111722081224
1940.1058209413702
1925.2401203490842
1976.7146055205772
2008.05620497719
1991.413869670301
1931.2372257662332
1957.6453220576964
1956.5037346284762
1916.4623616451838
1964.5722779940706
1955.6321758087404
1958.9863968696973
1981.9694349842646
1957.1509829526567
1935.8192093531413
1949.8977967581272
1914.2445841598833
1910.9720493422872
1937.1195048399763
1978.6107356221812
2008.9712734643404
1908.0132882053317
1965.1764967289373
1956.8073402792197
1953.3361498321406
2045.3345448288164
1946.8996812430744
1927.6458032933695
1980.6189574214986
1898.6603187333483
1917.0521184118295
2016.4998106506519
2009.6304858178744
1922.428442281798
1934.8368296328147
1897.856103176186
2022.631887068589
1978.2316430665876
1987.4426200653834
1928.8528305442271
1929.196625303144
1957.20838168397
1945.9268638676747
1969.6859212661582
1959.4223346334131
2083.2567896813134
2007.580576725649
1926.5278427724854
1922.426535230859
2001.6411657474018
1999.026933190813
1972.1187053870237
2009.3576733429234
1924.7020176578808
2021.0086722443436
1912.9530733616834
1923.3350489113334
1935.0175424559575
1953.649948465622
1964.03839294884
1963.2432228131977
1987.6821752755222
1978.352311014206
1965.168566292614
1992.1936437683748
1956.478141433069
2050.430792424177
1930.3200215778443
1968.51245848284
1934.0088034016642
1918.5693259537695
1946.4535580875079
2028.0849477844913
1964.7528519571197
1919.6515041229795
1998.3560791494579
1999.600989652243
2050.407520986481
1996.101191905938
1979.7029450259886
2026.0358499753168
1953.0153851306052
1933.6516939521914
2036.043232964299
1993.4561613367414
1992.8961824089597
1944.7577018679513
1945.8040845562061
1956.014533950178
1959.3987602366449
1950.8525389904312
1963.6064339572822
