3.829799960299066
3.8286698619795434
3.829373066688759
3.8287956611348846
3.829949378309699
3.8286310460331454
3.829205863121448
3.829263559865671
3.829077924715375
3.8284956345905563
3.8285445439387
3.8308808683210454
3.828710668370838
3.828502971764457
3.8292024860345593
3.828680163295119
3.828757216035327
3.8292271132645483
3.828529849949854
3.8285126401098006
3.8286126608951605
3.8318991930734576
3.8291523497181363
3.829513184060083
3.828559392894421
3.828645810605027
3.8285303346338573
3.8292996121403147
3.834599843768161
3.8291988501929493
3.8311625929490187
3.8284926242992965
3.8289543748750234
3.8321989305596444
3.828828155059796
3.8304489566593176
3.8295653802912915
3.8286606837278625
3.828628764145838
3.828631936642118
3.8286271677068604
3.8287750583672926
3.8333668556035354
3.828532917712991
3.8289919443159626
3.8345207389377007
3.8285893317440136
3.8287684249923375
3.8286169323967023
3.8308722643239044
3.8302437916325793
3.8288259030324143
3.8287183046838393
3.8286349701495226
3.828612972160873
3.8301702917655023
3.828576686333583
3.8296236881910284
3.8286506128670768
3.8293241876958986
3.82883451113882
3.8286861377242043
3.828684362640881
3.8288130861875143
3.8287405490825455
3.830159125623454
3.828528568179613
3.8287140148047114
3.8299977435088124
3.8286576505730596
3.828586254018837
3.828567078301635
3.828507503107453
3.828851304583419
3.828715753465641
3.8286206459351972
3.828777880458655
3.828772125911179
3.8285448800594684
3.8299056862647674
3.828982229170684
3.8288597893258505
3.828589061960404
3.8306517506959237
3.8286128212957062
3.828761687978103
3.8285587990343277
3.8287869970075583
3.8285839013055663
3.828837299619488
3.8287584295509745
3.828597081579917
3.828654091109617
3.8284883470222937
3.828553836793886
3.8285213673076117
3.828597162212824
3.8287717166109205
3.828633707566965
3.829492289247227
3.8286897615118645
3.8290662189900098
3.8293474442907045
3.828866408363063
3.8288062790717796
3.8287844913658273
3.8289293346214954
3.828502940890944
3.8285682935845835
3.8285277766526256
3.8288776773127644
3.8291013780365146
3.8294422950216145
3.8285989480451663
3.828521241857932
3.8286204713014134
3.8289027417204125
3.8285554104900754
3.8285822304754
3.8299796662720347
3.829377620057603
3.8301631092491353
3.8286100040224014
3.835972966239483
3.8340830889430584
3.8286262450954154
3.828582182440478
3.828582012014154
3.828514538424547
3.8291759425359384
3.837660946834907
3.828509529682953
3.828611230248183
3.82852554886104
3.829564023347465
3.8288795954956623
3.829167757449119
3.829652630203307
3.828641929729919
3.828633144205577
3.8286475251669834
3.8285902285899525
3.832799965248441
3.8293446939841354
3.828593941757946
3.828950691452091
3.8288165705811665
3.828603576135095
3.829269074676586
3.828531570261534
3.828755376187522
3.8289727499818755
3.8286129904850474
3.8287345209056087
3.8285198088773087
3.8285383424662234
3.828588731986305
3.8286567360105694
3.8292663868599472
3.8289901921107488
3.8294239003200135
3.828527206805367
3.828680085853329
3.8286632116714543
3.8288411034526524
3.828907492240851
3.828503348170112
3.8290643412378547
3.8294361650648665
3.8287797836590833
3.8299923414751187
3.829146875031811
3.828577393864458
3.8285937264091583
3.828464271933422
3.83039766015163
3.8294846769196225
3.8290548040510943
3.833156621640163
3.8298341056043865
3.82879555415714
3.8286497903085888
3.8287827065757702
3.829265721911949
3.8294612751772616
3.8311421189023105
3.8292783532811963
3.828748645691667
3.837464054913219
3.8297431197141876
3.8287233407322336
3.828582590626104
3.8286273431712408
3.8286827547270565
3.8291791831798077
3.828958426236037
3.8287830978763506
3.8322991848613297
3.828557060947746
3.8284938280368657
3.828532457275827
3.830220669350759
3.8285135062179396
3.839407447560502
3.828705596745104
3.8285472791926645
3.8285411539841965
3.8286528262569504
3.828755136464826
3.8288173335262212
3.8290450774014566
3.8291062387291954
3.82861919071676
3.8285844753500706
3.8285294807581334
3.8294123305180676
3.8285065484760588
3.828782478221224
3.834788469920031
3.8285297262885596
3.8285965042123293
3.8285559147352615
3.8290205335026455
3.8287702620081605
3.828920001941517
3.8295992925367903
3.82949066609637
3.8287436596246254
3.8286573716864876
3.831235214703726
3.828969851137878
3.8292489040810365
3.828596184779656
3.82876601962308
3.828788514536657
3.828592243799954
3.8286484348783247
3.8285390325272286
3.8309795813635477
3.828511455510398
3.8287269548776575
3.828796151804091
3.8288100869558073
3.8285708707262636
3.8287374928647826
3.828595449327308
3.8285995613913024
3.8301395435834076
3.8341071172614187
3.8326623386326073
3.82920208416577
3.8285387587211677
3.8292501903813894
3.82850961074407
3.8286523840785804
3.828660116828845
3.828488344998148
3.828799997589244
3.829191720566899
3.828637179298254
3.8287163279247354
3.8287242627089633
3.8285181854184294
3.829637802525443
3.8325189537851125
3.8317625093460004
3.8287179659620123
3.8286092173080912
3.8298164958703413
3.8293565810330144
3.8291795712472645
3.8287390637752488
3.8284995921447846
3.82878284227316
3.8286621868782924
3.828572198584757
3.8287347503356277
3.8287614788779663
3.8285489677194553
3.8287477809345987
3.828607683089674
3.8290620954121657
3.828639616514743
3.828729650563026
3.8285563107396214
3.8285443243126807
3.828484263234975
3.830982674804851
3.828474398853054
3.8285537005982784
3.8287264541857384
3.8285959730699157
3.8304248069089573
3.8286623719671393
3.830149691848627
3.8296101679096153
3.8288210930856676
3.8289392233267474
3.8287315525325667
3.8337621406810967
3.8285677463179715
3.8292679774778593
3.828714960459654
3.8289428118303914
3.8286237312361022
3.82902955841862
3.828580613839479
3.828709264928644
3.8286080354557797
3.829373198442224
3.828566557068422
3.828673707109874
3.829507855039889
3.8291391087912117
3.828514338429604
3.8285824112824356
3.828989760668527
3.8307290372314813
3.8285128434767524
3.8284693633516635
3.828501511552966
3.8288832829031474
3.828792414929325
3.8288931057208995
3.8291453434207376
3.8286199462931423
3.8285613497688447
3.828830290765342
3.829876721759561
3.828710354524638
3.8285797152171677
3.8289778948516604
3.8284976048849755
3.8286194476386624
3.828686004012507
3.8285074119026614
3.8288033962200387
3.8286240379846843
3.828484631733846
3.828531633240449
3.8293587344062927
3.8284800188503327
3.8391840870079474
3.8286475216866633
3.8295236635232017
3.82849066730061
3.8285441615180598
3.8285697913297803
3.8286685094457367
3.8292647136978597
3.8285857674973287
3.834606300112735
3.8298241685790746
3.8287974309261252
3.828574554466519
3.82942955386749
3.828582152455717
3.828805101333907
3.828647405848586
3.82901415867289
3.8287920876689867
3.829888104276501
3.82849449978025
3.828722381266804
3.828501968276358
3.8289024915625127
3.8309302297112247
3.8286473441029627
3.8292582069529297
3.8326264890263078
3.8285056770523416
3.829445872323
3.8285367069107235
3.828974134515297
3.8324929451938257
3.8286372193023483
3.8285986204500526
3.8285369658057196
3.829162921510556
3.8291108008702093
3.8286988096481274
3.8301713370450763
3.8284860251537367
3.828595719568495
3.8287812468279134
3.82907027930766
3.8285602774354515
3.832329138727151
3.8286774131303556
3.8286602572607547
3.8285832104491697
3.829595527479665
3.828555457054006
3.828905962047975
3.829005161892268
3.8322669281077983
3.828501086283259
3.8287350173888393
3.828823634615157
3.830910353723711
3.8286145224434516
3.829626090266154
3.828589947179638
3.829437921570638
3.828792083738817
3.8288323990576445
3.8285560829877854
3.8288268004096704
3.836055015711008
3.8292624749246533
3.828685106531685
3.8285682412422792
3.829781802943021
3.829153532459541
3.8289031441718353
3.8286409542034474
3.831747779149865
3.828864845123131
3.8289986400317213
3.8289179465176377
3.829111965591023
3.829439258963009
3.82883397303322
3.828572631491622
3.828649170655967
3.8298513321635936
3.8287537278794765
3.828888905050291
3.8290654883744097
3.830674051767714
3.8286109287538417
3.828766724905023
3.830045874873673
3.8285185454763417
3.8288234355434945
3.8287834772077702
3.8286547051714486
3.8309219599624478
3.829061306951159
3.8286012272089844
3.828806554398855
3.8296023303226208
3.8308910472537407
3.832140796492207
3.8303252411058084
3.828712955799104
3.828552250935153
3.828669389331981
3.8300178164933354
3.8302651700209145
3.828747908214802
3.8299986832246256
3.8285904331947487
3.828519052582318
3.8287592209088652
3.828709163738665
3.8290532630353744
3.8292800294446727
3.8289198825954442
3.8289303997705213
3.837534494378194
3.829273768886545
3.828593107257525
3.831883695442482
3.8286720903916387
3.8289145512576854
3.829006671422134
3.828542426138019
3.8286310830561554
3.8285896603083733
3.8287973555645003
3.8285236062456844
3.8294824146727864
3.830237194417057
3.8285190094661026
3.8286159476190034
3.8285390006183286
3.8285616794438297
3.8346448936021607
3.8296074071908937
3.829080894329848
3.828575970226688
3.8293973104884422
3.82887279716915
3.8285709921541047
3.8286004951402512
3.8298337778391724
3.829067546478668
3.8339021769890405
3.8287177975988294
3.829002441194068
3.8288555431366094
3.8285787493534524
3.8285210324557077
3.829089774787533
3.8374258518828674
3.8288153945128123
3.82872409389037
3.8309122809737426
3.828772432628463
3.828518419153265
3.829322684874748
3.829313650499823
3.8288712348819605
3.8289828398354926
3.8293371397887896
3.8286453035177104
3.830476573606001
3.8286876275137365
3.8289574675103077
3.82859749583848
3.8292431416414123
3.828549291594002
3.8285983946079423
3.828717707026281
3.828545821294118
3.836255576602019
3.828518102738852
3.8285280850100194
3.82897305827689
3.831153360916696
3.828763317262536
3.8284958802400886
3.8289912465803697
3.8362352731773166
3.828532780987779
3.828692922576008
3.828565591439557
3.828574279616539
3.828688332219147
3.82877563132649
3.828736250435825
3.8285586885267406
3.82856852171262
3.8287296962787423
3.828619286580549
3.8289531299702957
3.8290781932350564
3.828637737610103
3.828523201172527
3.8286290381954435
3.8287067865898887
3.8289106998465945
3.828487260563876
3.828537781981683
3.8285560143516517
3.8288433408516473
3.8308193530949852
3.8284984548798957
3.8287170289011643
3.8286962819737345
3.8285318598070615
3.8284765761700266
3.829068288933672
3.82877436471067
3.8289517888291043
3.8287554034489304
3.8287434010057404
3.8286156745160125
3.830661738991732
3.830097365963643
3.828552771742973
3.828526562324331
3.8284838842228104
3.8289266248535454
3.828582257357709
3.8285414900045875
3.8288458520175905
3.8287945836128374
3.8285883244725234
3.8291558468022364
3.8285718344945527
3.8291635680282723
3.828462072191999
3.8291058864730823
3.8287458327475803
3.828528302371783
3.8286344881364562
3.830124847631664
3.8327805423400636
3.8285234958529095
3.8291328025389646
3.8287429780795215
3.8324787884895786
3.82877154326113
3.828846196404177
3.82866720793342
3.828720053504654
3.829660758501328
3.8285491485804473
3.8298548545070537
3.828807481972115
3.8304835633565983
3.8289388825631336
3.830218930357321
3.82847668426163
3.828556688428696
3.8285170764305434
3.82865572478463
3.8285621637771783
3.8287526833224295
3.8287769146359705
3.8286940109093823
3.8289787733119547
3.8285084560675156
3.8286283559377052
3.8310999871094715
3.8290932498156205
3.8286362470276933
3.829595689320863
3.828646979570895
3.830041185995179
3.831254085718154
3.8287067563913553
3.8288294976332855
3.828642182789993
3.828542106840897
3.828891973302251
3.828766916922532
3.8293322596641386
3.8290563051821613
3.8286023685232577
3.8288342535738096
3.828687599790498
3.8285669577142407
3.8285602604595725
3.8285883444119175
3.8285795130775435
3.8286454737160462
3.828976100616165
3.8287236667362183
3.828956189064534
3.8285525667215614
3.8286768887401363
3.829075294952256
3.829621443344758
3.828544972616061
3.8287245557670264
3.8314465120591987
3.8287908388640712
3.8286292371330175
3.8284668454288218
3.82879947264249
3.828915481988781
3.8285275387886
3.8286818485698983
3.8291815644057534
3.828576118359854
3.828502072185378
3.828582455034497
3.8293467517847173
3.8294910167128355
3.8289127754744534
3.828520513637358
3.8285586940373406
3.829119378406675
3.830357955770346
3.8287853887674537
3.828798089630711
3.828531743993709
3.828885169795308
3.828771364482057
3.828882419182812
3.828524039257601
3.828972569197183
3.8285277745608552
3.8291248714597295
3.8287626551663365
3.8284854442780683
3.828810397662641
3.8285178137288733
3.8285025656342206
3.8392048791973705
3.8288398024243033
3.8285064151710646
3.8288004033487715
3.8287213112075973
3.828992299246203
3.8286957414648377
3.828842944531076
3.8285977170118146
3.828972127529404
3.8288619699485835
3.838841818443105
3.8292587923925185
3.8286143735421163
3.8285635341981203
3.8285582955474426
3.82917420945575
3.8288749762774428
3.828950550379652
3.83157410206063
3.829292503869869
3.8287845975827026
3.8284982053935384
3.8301130850066576
3.828772848668949
3.8291656310631703
3.82931268911442
3.828837031199215
3.828698987342435
3.8289394847854656
3.8313709275700747
3.8285251533019613
3.8285112970790034
3.833629196539313
3.8285771139473757
3.8286398425313535
3.828521160954863
3.828535089144714
3.8290289127269292
3.82909768129504
3.8284734927443806
3.8285469620781116
3.8287659471221103
3.828570200212172
3.8307231079799458
3.8286510186459486
3.828636428396231
3.82859358687207
3.828663488645873
3.8285383074604433
3.8286627415413044
3.8291054652190817
3.8285489639315897
3.829242668359136
3.8319097011668326
3.8285042220403565
3.83439759725574
3.828775322460823
3.8285626896497122
3.830119562802127
3.8285778299362714
3.828507200418007
3.8290928689461805
3.8289531252934945
3.8286896951684746
3.8290641099839173
3.8295632489770655
3.828671510304941
3.828574378677157
3.8350953876543894
3.8291449431741604
3.8289896294456134
3.82860020688109
3.8288818206328035
3.8295556577332
3.828772540664156
3.830258169625342
3.8299159601392887
3.8286891998969135
3.829041542615045
3.8293455440922726
3.8322016304358373
3.828487323886696
3.8286637446552083
3.828768664593488
3.8308585810695615
3.8286574808085607
3.8286805630283776
3.8284910906291287
3.828539682008559
3.8286109443859817
3.830257058172187
3.8286770010550484
3.828590869154844
3.829112132965053
3.8286478031613274
3.828616724058908
3.828839440335857
3.828574133723473
3.829147939517948
3.828484810501781
3.8290270029224356
3.8314111696576916
3.8285814518797068
3.8314614521244574
3.8288229168072188
3.82851373951775
3.8291639867853675
3.8285071175370655
3.8285184139398742
3.828510543293875
3.828570903275899
3.8290534128344405
3.835524197472106
3.8285877364919862
3.8285576948418387
3.8288362189658303
3.828524986508547
3.82854233148114
3.8289854434922783
3.8300613963819257
3.8294607622729493
3.830319441135187
3.8285448721557107
3.8294212226533135
3.828755504409454
3.828674701157398
3.828623252972604
3.8285105213535178
3.8291802348880726
3.8289222939793266
3.828878295277545
3.8284984408155216
3.8293741365087337
3.8287299704499422
3.829211166980218
3.8285615422484254
3.828645061511728
3.8284970048844236
3.828679339385132
3.828500849648481
3.832395463269574
3.8285445721620173
3.8286414015403167
3.8285443518932736
3.82917941325322
3.828856321407484
3.8287282972277943
3.829420698577679
3.8285992776525943
3.8293915273546046
3.8287147637641676
3.828850148924448
3.828713997907718
3.8286505843159855
3.8284880183139904
3.8285094511933524
3.8312411958733685
3.8289151337280782
3.828614292274155
3.828813859176597
3.8288595763167095
3.82854607868654
3.8317358072808365
3.8285753053696467
3.8289095351649047
3.8289990397893985
3.828657885899104
3.828971407938504
3.8289438139899543
3.8286454608030205
3.828758029971972
3.829574741787715
3.8289634243462936
3.8289433103724217
3.830987621217014
3.82880333173111
3.82867653984751
3.833223491679612
3.8294578130926884
3.8287637267593397
3.8296930904316877
3.8284513056022487
3.8288478720221595
3.8286950592427353
3.828479318125293
3.8286237582363367
3.8286656186743016
3.832603699430395
3.8285853847203866
3.8287293509110656
3.8285708900343027
3.828468551086531
3.8287978542920094
3.8284912010547143
3.831713098518044
3.8286645046634815
3.839880033322899
3.828510811774313
3.8288069869583112
3.828902272666496
3.8287699007319684
3.8289224533705872
3.828479255569082
3.828588140035532
3.828614507337655
3.828495229247818
3.8295715578245133
3.8285838258244844
3.8300032747897155
3.8284825082690053
3.828750492519317
3.8291428463247206
3.8321748475797395
3.8285682824036074
3.828589677682117
3.8285796000315986
3.8285928935358307
3.8291132605928633
3.8292512112789963
3.828651876747767
3.828517106592885
3.8286185874608285
3.828589388963736
3.8286770871297606
3.829002437200489
3.83579440244854
3.8287815109875605
3.8288640038322908
3.828770936202422
3.830451456038222
3.828886543967633
3.832226672035695
3.8291290200989994
3.829101437418799
3.8286766612925582
3.832579599867362
3.828578374307037
3.8287063119926636
3.828919687270388
3.8287549776520096
3.8287705549764355
3.828624846086252
3.828545470432607
3.8287306095835656
3.8288529260183264
3.829056867319905
3.8294652652590466
3.828469663548977
3.829802963750645
3.8287795470670463
3.8287911513091695
3.830818791882849
3.8285160856608536
3.828612099063153
3.8289646502384573
3.828622136129416
3.8286120878614875
3.829985440236648
3.8287104544523105
3.8286861273749784
3.831541077548791
3.8288303243518795
3.8285268565302557
3.828505834262743
3.8285350779907406
3.828597136285972
3.8287844881008426
3.828583633898468
3.829082630749235
3.8287683589222716
3.828596774453805
3.830517384746442
3.8287618378063546
3.8286075472697156
3.828626082557469
3.8287268429295636
3.8290968331840975
3.8304226067150613
3.8288403689699915
3.829144617782096
3.8285429360877865
3.8285404825842613
3.829317129774481
3.828950615631816
3.828515198634969
3.828871633447136
3.8285990488574053
3.8284946307274983
3.8294135457194947
3.8285641808163233
3.8288330536186965
3.829161391518542
3.8285946408152696
3.828506798782482
3.828613604926572
3.828535054886434
3.8286219347199033
3.8285803997068086
3.8285571807617838
3.828510319670304
3.828655910784538
3.828609104528081
3.8291022289010654
3.8287116194214517
3.828811761258034
3.828546229874029
3.8285007369690973
3.8298193220442274
3.8288466319916004
3.8290576465973394
3.8285377781073926
3.8290170992016805
3.828619818691893
3.8286596246495805
3.8291616848095833
3.8313428936807274
3.829154464742287
3.8285623388295624
3.828613950086952
3.82932742940018
3.8289513816197918
3.83300669632016
3.828530497170408
3.8285300297944342
3.8285809782398044
3.828563617711053
3.828546492163231
3.8287738022685582
3.8285361954975334
3.828812653154926
3.828689099228768
3.836033083562781
3.8289056448451966
3.828820147675295
3.828673336674624
3.8292601730614724
3.828986844399019
3.828589716891523
3.8286391115625507
