351.8306189086606
353.26003563691853
357.5852880930841
351.8332855447452
353.4597954232028
351.72134610110464
353.7194991705462
351.88093675988364
353.94923759080456
352.0826323679828
352.2057690863335
354.0777400313261
354.20052462224186
352.7345701419636
355.1758476781008
352.9045616279286
351.74808859172214
353.4525218562443
352.5162205965458
350.6510370356325
352.00818108679925
355.0004597108862
352.62275948596925
354.16017092696563
355.99919150298155
353.0262605857636
351.5776608193548
352.17134473804254
349.67047177759105
352.30258857472967
352.2690185342208
352.2823528791522
351.45062943729585
352.4510210912635
354.06803724086217
351.6613019855125
351.66296508371636
351.55305339234565
351.59859888701413
352.3543604711876
352.6506373061639
352.91833284699976
353.5517900546424
351.2871191898821
350.25503819057565
354.9947615042378
354.111710777916
353.6965418774938
351.9366742006774
351.65832528192567
355.75360475176785
354.95296692158024
354.1869932974322
353.33914441883513
356.28363330230104
356.1020181770285
353.9499698774053
350.64811482144285
355.86041018649684
352.2785536851491
352.9567960446793
350.67359629834465
350.6263852659151
354.6849102803681
355.131180658836
353.49147035373784
351.53682042977596
350.8526523747751
352.4526769813795
353.2389755447603
353.79338873746605
355.5259467860746
353.6226390614095
353.80852071742356
352.6196109197467
351.49709365642207
351.5445618245003
353.1805848073578
354.2800645541461
354.36608752352765
351.6175346136552
351.30065255928537
352.4327526563638
354.2428813586292
352.26563755921694
351.9879020168467
354.65279672741195
350.8750864153979
355.423540203865
352.4965656991331
351.05138915749575
352.50671225199875
350.9301945162743
352.71617373947225
353.8675698979702
351.7340974435647
354.10561556425245
353.04396399620765
351.0928029836273
352.7549444909544
351.3382714710798
353.5531684326673
353.0964630697658
354.7101610078023
355.7321750945431
354.6013535556648
354.63748477972564
352.12803083727687
355.5117023759639
353.79982378430174
352.27064483455393
356.51543174860643
351.35508998002825
351.9156378463962
354.31807106400237
352.6143484031711
351.4936986587373
352.366458133318
353.8995713769755
352.41274564222874
353.23146132195086
352.23935739090393
353.9206038417679
354.8661101730609
353.0499744465803
350.6874754976469
351.8344939445129
354.275524553435
355.4256429141845
356.1152413771504
352.84178176619724
354.1464287992043
355.09861369958026
353.69975003089974
360.1442171881532
351.86799373551287
353.44717532870266
351.491915505574
353.87435260936303
352.1606385879237
354.02497454097005
352.1432695192611
355.743403006355
352.0825443371181
350.31067723209384
353.57807793286594
351.5111969388352
353.8910849829286
352.60037652091086
352.86734261063873
350.9274378997526
351.6916694293913
354.64354011874843
353.46578263724564
351.22687759007624
352.4478652453084
352.1891408146038
351.64905864673045
353.33078142850815
353.7607966303845
351.0975033033794
350.55075492457536
354.8728576678548
356.75551956882964
353.4943248510454
355.48992331661697
352.2685637294293
353.982391027369
356.84579663382004
349.7584921787094
351.8726897032382
354.2551647871632
353.06982784421587
351.18923087029526
352.1987698789085
353.20966240980493
352.2500617469923
355.19263567511405
356.2621900184921
351.58459714437896
353.1297103691468
353.31645535524353
355.55379748682003
354.3774681414215
352.62703018941716
352.10722155134863
357.7352126316105
356.0993189944159
350.3885055948148
352.53754980515174
352.71191713880734
354.53835056850835
352.6696684278103
352.339728444824
357.32483280250705
352.7179912197429
353.6196530070943
353.47484984028114
353.0582328127127
353.3605078434627
352.7079332271158
357.73152586976715
354.23784624533636
355.15993821262424
351.8237994351031
351.2458177882892
353.2128303345263
351.6358427067549
356.43985710279964
355.11771546122725
352.281684145452
352.2038624776144
353.20980391630604
351.3932260131336
350.72398970066695
354.0785647144144
353.1012240440793
354.58456243931045
350.6825958947906
351.6599598093241
359.1585601480205
350.9326537958336
352.38144079465576
353.99678232418086
358.55212204374163
355.46001329596123
358.5300878285528
352.19967408256605
354.15339365841146
353.5155909822415
353.85365070315595
350.8755523081588
357.59950807161096
352.14184726676126
354.7183972187074
351.5207751023926
351.03941980570806
354.3241113728489
355.74082098900664
350.7186653535036
353.89410175754324
356.1342047137745
354.7428739955331
353.42321453369334
353.21078017960207
351.39668035101744
354.1639300700858
352.7178347425731
351.73943906540416
349.95773599608435
356.0442944412631
352.86949652821
352.3486964202145
353.9551810983603
352.2605982839106
352.49522675268867
351.0862398152258
351.60391496525057
351.519775660728
352.85649981761145
353.8060203688175
353.1734611170392
351.4705138185972
355.2794636813189
354.5310448351427
357.21753559685936
354.4155183772821
351.44942599816204
351.6069635973595
354.4202840962495
353.7487318732991
353.19437872363386
351.3612440915104
352.02751593653244
353.98881583162273
352.50779997337384
355.2010492438883
354.0850594206564
356.98410062458265
353.7592469601627
352.9100433568227
350.9321634028287
355.8008834484338
353.8860220198781
351.81942994449355
352.88245323710356
349.29838461482944
355.4070613137509
354.02934910295244
351.98204417117967
354.50523277224937
351.79479743253876
355.7217239034937
352.3892680015671
355.1244044977718
351.42336128643655
352.3221894616499
353.6996097981218
354.4358746278701
354.5745692531943
350.77776984193946
354.9506352718255
350.8678953752195
352.8806774694815
352.94197346188923
353.89613373694345
352.2628615605915
353.8976855271756
354.0837132796982
352.1564397697001
353.150628615679
352.70623143119553
353.25189725842614
352.67832821241865
351.35801553258534
352.7082497387532
354.79215024228694
355.60518513746945
354.4955918264665
352.027925001782
352.2885520265366
351.9657410176596
352.8062906455394
353.6049989849821
352.8148893751342
353.0820803824009
353.6316984441731
353.58656700504844
353.53350400388734
350.38590931337325
351.8118833675493
353.3051955394531
353.1030452590496
354.13277671704157
355.230744731709
351.64001416643555
350.22936892016605
360.6101812015751
354.7973991349042
357.13540250820853
352.47984481283623
353.77853545036953
350.77877401623516
356.48034701220905
353.8204990861769
353.404466927726
353.4375081584929
351.9332385191826
353.8981928708267
350.9630767643514
352.37545991984007
356.341485202004
353.8456305153782
352.9732419107438
351.91380619087244
352.3954870047578
353.76592839306426
354.21004029640915
351.4145367787435
350.32367896792704
354.64676408605254
350.9443780024662
356.34458275309936
355.66682195617847
352.02046591432224
351.7587614021837
351.9053165733852
350.76599341530465
352.2079326851684
355.59995613375116
352.39643608571936
351.8683255897715
353.0496164009739
352.8217408849687
351.1497252809825
355.26198756894325
355.94056796716495
353.82582159436527
354.92612102647416
352.78537453765676
351.60657229176
352.69743854920995
352.9529710026172
355.5332410097072
351.5742418397769
352.155698758133
353.74891758867113
353.9036867544239
353.89923132697896
351.77513464192845
350.8888689719787
351.4403216695655
351.69387312514647
353.5809623007576
355.92223890024127
356.62717936704036
351.7884389989277
352.6561702873673
353.7347792839757
353.6358500179671
353.75288854288186
353.02329056782526
354.3487672751288
350.6875331168046
352.6535819549869
357.1173652818677
353.20691077987135
352.4806546751934
353.1945543341839
350.74482969950014
351.3986431913859
351.77994938395165
351.35229593246373
351.90370090207114
352.1426466711035
353.8434884714472
350.64477418871024
353.2445012498443
351.29827317716314
352.42123493629515
352.61584433417335
351.9144947920653
354.64161243316454
352.82415563129877
353.76850457031406
352.2246572958898
351.89571724439037
356.32876153084715
351.64702177517813
354.35592000186955
351.9882281942882
351.79954891077676
353.5721779815409
352.43912981779135
357.3433100467168
352.6653362508798
350.7091924934594
352.40470148944416
353.61720637056123
351.916200460821
352.3543220693181
352.5844175382672
352.842661622547
355.852627981452
352.26757309719085
353.54786514957726
351.4819151759471
351.8358500148948
353.0982176522816
353.975419551529
355.23709883004767
355.40454445309155
352.4638883006143
357.81062567977375
352.83648593364325
352.47968745054504
352.2033016479147
353.817596823589
352.2919228968409
351.6258236216801
354.43910222469543
355.9613294244771
352.5092504949661
355.7096978039026
353.02487227440685
352.3898808543314
352.0328410260883
352.4137056264192
353.6232988559238
351.8410401534981
352.11803434102603
354.49240002258335
352.2974742447742
356.0910333970068
351.27255512243056
354.09195488182456
351.7398971686497
356.65869170615684
353.94306260222737
356.24407425575913
352.1430356437767
350.2211601371908
355.144130130676
352.14772963733594
351.7461914904475
361.78219478294227
353.3909030327367
352.04453758650607
352.6753500812067
354.52508594252726
351.4032813544549
352.6748098023613
355.1837883254181
355.1603207892335
354.29953910134543
353.16096098409474
352.00846210151275
354.0086340928576
350.145518880408
356.7860153789249
351.5501928834117
354.8225010011021
354.18450770278827
354.05207686514035
351.4192256585659
352.369656090989
352.53469050190535
352.99694848116866
356.0686057523435
354.20723597179534
351.9149367893143
358.17265873531755
352.47563241851987
351.66184325941776
353.66740739710417
351.9050575014435
353.2543832749641
352.9243410823
350.5918587626945
352.58453187515846
353.291733252517
352.377360130496
356.83589449065875
355.2210755798909
353.158531267375
352.84298322934706
354.3498804662062
359.8262690404698
355.90838371651
354.5152063039012
350.4148722726867
353.8930109357634
350.5014834290615
351.2779317615028
354.2666796499201
354.43673747371355
353.85292448454464
352.68633385183796
352.0651589770628
352.47566113335125
353.3030968745373
353.9296919667141
355.13846101655173
351.46881666566475
352.39772789576745
354.17279209679435
353.622423092216
355.23302476797915
354.98035886491
352.06738056204426
352.6846568058681
355.1354808823462
357.06691357140863
351.9629140700695
354.22972564902904
351.6353188350902
353.78488482034425
350.83469459127764
352.5681000682795
352.64167549860963
356.11285291927214
352.6124554585534
353.0821757178566
352.9025463552395
351.8598066554868
356.5796991214513
352.74527233767134
352.43481043872407
351.8224121137403
354.69872990126436
352.9550696479534
352.6296898101499
352.72856042315846
351.1886887799252
353.6535084828394
351.8216512048437
354.66743820678766
353.08981349220966
353.85525971725184
352.789422238417
349.8220895927098
353.3075749379754
351.6448009894353
351.49844405386654
353.1848117330547
354.2654878821755
357.1242507101305
350.4974825965144
352.1967830348893
350.77998918946673
352.4636920165602
353.1517634951465
351.3019701759199
354.1638248191959
352.11389465112956
352.8042108749361
352.22034233489313
352.97708441814416
354.2599884673541
354.25084350002504
353.46805033535765
351.4368489167565
354.89634807521315
352.3527813600192
354.48272138076806
351.4753827666699
355.131911741009
354.1975590333815
354.40120469027977
352.3359299136004
353.66257792279697
352.2921316903177
350.73904529458446
350.00757368203494
351.692917673268
352.35949190442545
353.3144877255751
352.26442574587
353.67581963801473
352.90714512111487
353.1229409459821
350.3045062641438
352.71367742239795
351.53617528117906
351.2953205499815
354.47648214288466
352.99819063280376
356.3552278265573
353.0134166274051
350.65522686376147
351.3586594291225
352.43657220388764
353.5831432314707
350.9094975444145
351.6268510028627
354.4798425210813
353.5098163027734
353.57710511047037
353.1396708610456
352.15297754867646
353.699178455418
352.5633110355184
355.9284352980866
351.4613499259381
351.5816151609558
350.96500865154576
353.31838654872774
353.37879717663697
355.4065978362634
351.3248629725445
352.5945080105235
353.840593963582
353.75134480549815
351.80898747064026
351.6805000804058
351.8774653008612
352.82024164555025
354.0648812514706
353.9101484937671
352.55918570918556
357.54954406502793
356.09011376800527
352.60773589195713
352.38401423462324
354.1304587338023
354.4762535838095
349.95459826171214
354.0800068954132
356.0577637243931
353.4181914914641
355.4634192825886
353.1652598743704
353.5344940594149
355.025088579596
352.74920722075973
353.33941653038886
353.83607117708425
353.1581296660596
352.85249624716164
351.6385750904316
355.3120486106725
352.17434224102357
352.0645324006772
353.3716280011019
354.6494920097663
351.5212862607964
357.2397921624276
353.6403612265796
354.61303924917837
351.4864632724413
352.69168072074933
351.9943441496732
354.33269954101047
351.3075716733471
354.1545516244532
352.9055459911997
354.54806234642496
354.74235784565855
353.60100937854605
352.95131380490193
353.9202620229175
351.36601177050386
351.811827728142
356.7322753942648
353.12573399087523
353.03270404349706
353.7530139462189
351.83036277385327
350.9333701900181
352.3821992071128
351.90943304415504
351.78096716278446
352.44824739252323
353.2562976033233
354.2879905039788
351.0895273785538
349.8347997221643
350.795947731522
354.4953664982753
353.15822367742646
357.41488154096703
356.1891086583602
351.70763507081864
352.5373904654463
352.40660116051924
351.67865533908287
353.9509598887495
354.9627047973803
352.76778144168367
350.828353351367
353.947479534105
352.29463965499735
350.54759686363235
351.74373130710586
354.5407831575516
352.93582334738375
352.49780535281667
357.3866827497629
353.1475869209253
354.0321692534217
354.25448321810325
353.53950015888626
353.936082325869
351.8951757879277
355.1404626590674
354.89191242172546
353.77729991248935
354.0704407357661
351.6586142896609
351.5005591675765
353.7418616332676
353.3819080071121
352.54329043643435
354.3101085537607
353.0460801693438
353.4354924790328
356.541101840319
354.3974280249887
354.9723380760024
352.54578872953016
352.62971758853405
357.2282783055354
351.38692243969683
354.25457903771763
352.027675140366
356.62078703098837
353.28296082571603
354.10579836115704
354.0011444727684
354.94227503813966
357.1312464126711
354.22483767505986
352.07262804104533
353.1295493003455
352.3101662172932
359.3135437459032
352.97034200736863
356.37561978172573
351.4409239641114
352.40518600392795
352.64600063107287
352.2400545665939
355.1345251336547
354.07575095681966
355.87176771814825
352.8449236443843
352.14843783909663
351.52073646101627
353.9698976522686
349.92869228621805
351.92973490186006
352.2804591354065
355.5405150999521
353.6430523156731
351.4049501486436
357.23160496298004
355.11233271232
352.8657556177042
351.41221303117726
352.1225305370294
354.1407205361097
353.1119612995025
351.6377924606478
355.44278650228586
353.7568644224374
356.22700622552753
356.2669086328833
355.06944997227913
352.1828043368039
352.121557060582
353.5444666277321
353.2832149846998
354.217620074412
355.1529286107314
353.11804406782045
351.91436402929577
351.28682339826537
350.06263127012755
351.954831107293
354.30727169154983
352.2414477184641
353.65607248122114
352.2368827184251
354.7005130260007
352.6457892491321
351.4161598645131
351.9073296086403
354.7512743985167
355.56217188867714
354.7265927896234
350.4851102457456
354.1326047502094
352.9045067343006
352.78011858425333
353.9060015089502
352.60939909439105
350.280429037071
353.2132183243801
352.5627204306285
351.22365710195675
352.0429574060127
354.13571323125257
356.29482270807915
360.9354567016428
351.17906240971877
355.8668248779252
353.22396393378926
354.2534729601751
352.96057043730895
352.6587455781335
349.8762339964281
352.06090075851773
354.52355345251925
350.96999908353234
352.0604901005231
353.96939257644704
353.9289217951741
354.05194800856214
351.76430657949413
353.1955608250335
354.0210369177342
352.74903987830095
352.3792272857263
354.8879862778574
354.94035722336287
351.32608468416845
352.513360541171
351.63429041876515
353.69548147890606
353.59095668515005
351.1650673716998
352.9486192845455
352.84983106218607
355.0410003357159
353.90886963825506
354.1392946101365
354.75398177962796
352.09909711876816
351.27474867002536
352.52502226862714
356.3541546475832
351.4640435948537
356.82309315775717
354.1454521918171
351.7501683403592
352.82005123809637
354.0253306595261
353.7123358574856
352.85756755389014
354.39078472178676
351.77551877111637
355.3063492934453
352.686859560312
353.7731826976975
352.8690031282336
350.2370829325171
351.8104320205227
351.61863187766033
354.44475929863694
350.955034115084
353.9736960268938
351.9659461724413
352.0861793413016
352.27176807711555
353.8740711869125
354.49692147519806
355.84901112945346
351.1339337560242
352.1834086002099
354.4518687366596
351.46225326315056
353.7640960864685
354.8629621860571
356.65273936297956
352.9002356565698
350.68485434705303
352.2044498573154
356.54044834497904
352.4137880196684
350.51758767547574
354.52241271920946
351.3542807351622
351.41982591966917
353.6174270196438
350.5155086042099
351.1695231664912
351.8238646553495
351.2812793635822
351.34817593657607
355.49298082358627
350.33633083948587
355.1484330579979
353.83534236244384
351.2364475819469
353.41293683946276
353.95782801289903
353.7891727367845
354.3939208262505
354.6549466795806
351.8771527939269
353.57077784487
352.8121190727692
353.59171647523004
352.05803312212765
351.4978473439487
354.16321430055626
353.83728534327673
350.3306161943287
354.00558954317887
351.5984316735868
354.0088541205486
353.4345853417693
351.50910194838747
353.5675681555982
352.44441005525306
353.2048096472916
353.6566095530218
351.27611044805604
352.7433977686629
351.85844543551076
356.1162168824026
353.3765084764917
357.24274790932685
351.2192461253308
351.97659828986673
352.408088725289
354.10159220125973
354.1666384190134
355.1003187312073
354.39754405537275
353.5178475382466
352.24599128767693
353.7426502742188
354.87164325902216
351.5939336199585
353.07458427681354
351.7212404363353
352.3702988305745
354.28449021632804
357.92445286778604
356.5158120521348
353.0851783731457
354.5250511494176
353.30223796997115
353.9385889313892
354.6063615467692
352.37158819115217
350.81717433114943
350.7257121370171
352.88321987501706
356.3734038075149
353.2484727509178
351.6258126408199
354.64936541137973
354.7807674565725
352.6521779154447
353.34402990090837
353.47110464282434
353.91293939547495
350.41083446353343
351.3794308919006
352.1351691570445
