5265.446358050731
5340.128835161103
5205.805533009792
5249.693029256096
5211.775017084149
5270.036504665707
5190.282803173806
5242.032625238642
5209.4189296125505
5190.759393308609
5255.195002172256
5138.483700989999
5157.123114973384
5132.7968973368215
5143.706687632514
5142.586163862258
5154.55313123708
5141.424282433314
5144.778832189021
5146.865992938636
5146.354823859146
5141.119408877045
5141.949784026903
5137.191796427741
5132.978876448966
5146.146193447698
5146.955019811154
5147.2988637903745
5140.570830871576
5147.307287658857
5134.27377171701
5148.721684256956
5140.124329528334
5141.858308085898
5140.349982576959
5151.120659526698
5139.365907598121
5141.618540397405
5136.175658377306
5149.214674078728
5140.326885528145
5135.737509577008
5140.546155705994
5147.267202509846
5138.0544097336415
5143.123349225067
5140.017772525304
5144.8045068732545
5138.9336629337295
5136.048554513039
5135.692167158542
5139.97519510345
5141.054595013937
5143.180572596866
5131.371354502304
5148.194235797293
5142.496446697602
5130.64389795232
5135.773390625603
5133.379756585711
5136.001885676916
5144.310909622489
5147.264961934297
5146.716966091795
5138.4982922027475
5130.916317559368
5141.028186482455
5140.870445984836
5136.736033288972
5136.556754212404
5142.238600476167
5136.0681538411045
5138.87144655206
5142.435801663108
5132.0991332628
5139.035574601734
5148.3806684541405
5138.79385814174
5144.338961463655
5149.15978541525
5143.210436339403
5134.327767673317
5140.896594545119
5146.488777561837
5140.9280004029115
5149.796069547695
5153.52767675111
5140.44336844554
5142.797655607614
5132.645394972826
5146.252261560257
5159.0440234852595
5143.52360557614
5141.078244107719
5145.754293122232
5142.548650675166
5139.401263222076
5145.314049527961
5154.518363182924
5141.9891328113645
5133.608561197377
5147.170344077278
5132.0259919810715
5135.017902524346
5151.93580009948
5142.182613964462
5131.3861033739395
5144.933590939433
5156.475932402355
5145.975243369169
5129.784822755705
5143.466141815474
5143.878586771101
5137.130815579514
5128.445997689028
5138.269523382525
5132.121813791345
5146.183906717638
5138.551394253017
5134.453349645501
5133.773764760769
5160.698721392405
5140.233273019125
5138.445605682612
5137.552884407701
5136.756565213327
5128.570146672116
5145.213608623594
5136.4276452881895
5137.345594895042
5152.977227621613
5134.343412442723
5138.688173509301
5148.337648484016
5137.987691439588
5144.839966538516
5139.463435477748
5140.819820841582
5134.281294759521
5143.345944508163
5144.492922161368
5139.764654664911
5137.576610669143
5141.837151440766
5144.318932706032
5144.735390178086
5144.2288449112
5134.7865686286505
5131.692533961311
5140.700578989071
5139.728051437325
5144.064884227524
5142.508709265095
5134.745432756367
5143.032141383715
5138.886112627973
5146.316035268639
5133.247152275037
5139.34555972967
5136.322461733166
5140.247097971739
5139.776925229447
5145.956226047124
5136.04927796282
5144.618429385938
5133.691622741742
5134.186488431728
5141.186021070174
5146.419333957827
5129.63696086807
5131.834870838666
5139.08266833045
5137.243307934907
5135.6524256832245
5137.379135801714
5137.297886372607
5144.675140753331
5145.019266898759
5141.260211788542
5140.595671475497
5142.143325588104
5133.524950126754
5136.215136509309
5142.70240149893
5149.199194198663
5137.840915604649
5148.506818100597
5137.024780038092
5141.924352018024
5146.376232851868
5134.184668398406
5139.77711608848
5131.557944535568
5141.286081449266
5147.959774935097
5135.574874095314
5142.449006289668
5131.946036324484
5147.2192640088515
5139.816856451049
5138.025998618988
5143.404112913922
5161.272163832649
5155.533377573422
5137.127791806112
5147.267187656646
5139.0730818502425
5132.689070476077
5144.886925010399
5140.641727112555
5146.3492898404675
5135.601104492753
5133.668099997305
5144.1392306842135
5140.373039014501
5144.750751284534
5145.567912172217
5138.051472874294
5145.326861315192
5153.356874435647
5141.6182147639
5135.352093553129
5144.884434706335
5133.994799608513
5138.156272167874
5137.049696216561
5144.6523045795275
5140.45884879445
5133.978700055392
5141.715407346073
5138.001529956421
5135.399868684193
5141.931481617937
5136.571024256218
5149.456858655159
5136.760892957818
5142.924865438461
5143.458226420363
5137.858468235839
5133.971777425885
5149.079802658335
5152.606528264924
5135.918345476909
5146.632390822869
5157.242962117513
5134.9598308239665
5139.302770723005
5151.247899297707
5131.907067972319
5139.089912957501
5129.588631621317
5132.449798713267
5144.429631329609
5139.175484677734
5141.710620442198
5145.664289188522
5155.731783621044
5140.0763113890625
5138.132993802504
5147.589851856875
5143.904016779555
5134.445727364256
5128.283948773499
5141.257471220558
5129.404356111214
5150.424905808669
5146.137226880935
5138.908243646996
5144.743236739659
5146.422018086537
5138.777656253097
5145.377194664242
5136.04647135108
5152.263360073786
5141.010693709815
5137.813400169136
5138.649502718353
5139.750316728135
5140.279198645162
5138.94681417576
5146.200037544181
5142.582325749959
5147.94886714685
5142.308695058557
5137.1193033678355
5139.035922925316
5141.666553209711
5137.454321668365
5134.390278580114
5139.74331832604
5132.569475652154
5144.414143504035
5151.25319287993
5151.720557855426
5137.78023659019
5153.364438847656
5151.181827681575
5136.387964740186
5148.344416261014
5140.948322550383
5132.897829937911
5138.0587537162
5151.682574550023
5141.4952478029145
5130.038611558756
5141.520875296183
5150.665610711774
5138.352337645612
5140.670268393126
5147.547917609408
5142.187730306255
5144.383004214071
5143.230241441573
5131.21258482421
