240.66557024214148
242.53105529232081
244.74788753998004
241.904793871305
242.93881127686646
241.90869908644393
240.5556165959165
240.74513932267692
240.62447714459296
240.52136527979522
241.0487328487307
245.78246371003462
243.71951303136476
242.62323918315374
242.0410475833217
242.43959121195613
245.2896055328733
242.14077693708646
243.1388876306323
240.88102592222833
242.18012872925212
242.02199043487337
244.72650454907466
244.52848512673944
241.54499286136894
241.80073725421548
240.9754120734682
241.78078134562097
243.67284935403683
241.47263991513358
242.35874078171238
243.79295799694842
242.5644080881271
241.7580486801809
240.8226405565432
241.89697180476233
242.792130582319
241.77220918644318
243.20253476830422
242.2200394816354
240.65553920839716
242.28792995828508
241.93872461100895
243.71327907143018
243.33188494068173
242.20895220285294
240.86309184385107
243.6763151733392
243.6771155777303
241.7748630476794
241.93070083907975
243.3757610556463
240.98281594562414
242.05412143260565
243.87320372127778
242.18159612789736
244.13881164279584
242.98158632246654
241.11416758171933
244.1889737966672
244.35667872608332
241.67230986386872
242.72706745438038
242.28751249802363
241.76062628876375
243.3373606038639
240.93332705927344
241.73911110299488
244.24738737086494
243.71065149818577
242.13093987641088
242.02985591977094
243.6407047018534
241.70371935813316
242.23313267516482
243.75579541351942
241.7876629170528
241.73799485160086
244.0585347477549
241.72982611628416
242.70438518359154
241.84255731916028
241.7745766590689
242.80299165825437
243.82509965373072
242.72419379695577
241.1808519668629
241.21309367664753
243.09854432069838
244.47796271938537
241.77318133480298
242.82078452839698
243.77720777854694
243.33537395357334
242.7118261225026
243.4819990058934
243.53095569256826
241.899698916113
241.40929892033503
242.42642886694347
240.77030288145573
242.0621940204358
243.39977698608376
246.42108955599457
241.4304052997258
242.18326487055342
245.3200724447478
243.81587000597565
241.64876984301154
245.58179295038647
241.27018819885444
242.8870616913781
241.77179938655166
243.6959164145336
241.13516656555217
240.7996630254774
240.92368988991862
241.62130832261803
241.36596499431036
241.800435946311
242.9460433022862
242.26334520812958
240.81907035731206
240.561403485537
241.39582259948318
241.81814398698953
241.73474076040478
242.1160849302372
242.43162861607308
244.45639518640937
243.36597599019572
242.62755885978865
243.45903822218912
240.67537706640542
241.8109106471331
243.78371671073265
242.28559812690784
241.3429429915567
241.13533106401147
241.67618199390256
242.96509496670086
240.99994372522602
242.22496338447056
241.0913011024897
241.67851040632135
242.71246829723256
240.55289582800052
241.33306919968203
243.61136048227485
243.43126834580033
242.4189083510441
242.12322062985422
242.04779512667332
242.01487787723505
241.83916721079433
243.98644127315444
240.6679187411056
240.7758484439285
243.91994398263162
243.69696401216336
243.89765572200596
241.48759401335016
241.73003035552503
243.2286490515209
243.83583756350902
243.81032463149464
242.07855494629567
241.60882501521152
243.8021850945351
244.05928002714467
241.96777023252275
241.05220007269756
243.46039128051132
243.66180711899958
243.49482452105713
240.9449969565019
242.24162609776857
241.93583830657354
241.09386881141734
240.7850802656531
243.39187351609894
243.31976504358974
242.3086535665943
241.9863860870209
243.23516353431944
245.44998186316462
241.60842021430776
244.84652835369982
242.44447311127004
243.29939075976887
243.78704245593357
244.08031456043125
241.96686928997062
242.2310214281215
243.94940095421637
243.67243391380543
242.0277839527092
242.40641888058454
241.00664416043583
241.8649293599816
243.8723674795688
243.29538682071805
243.69236277642537
242.36280272925993
241.94071845556712
242.20104959173239
241.2909163902839
242.3694850178146
244.45652400505475
243.45767323529822
241.9461882959352
242.19655864364705
243.45290590687912
241.11718291254147
241.56600377756587
242.03155224417813
241.37929250471663
242.30017873563457
241.11389593892298
240.87068646200225
242.210849156895
241.38973931816773
243.79640575313215
243.29418616225956
242.07354611780244
241.78369073757534
243.7296059309037
243.46152067397983
243.55567532238192
240.890462847151
243.90289566216748
242.03722850329612
242.55944513940995
242.32615748183255
242.00571696805534
242.64378263669093
242.01018173107354
242.6830694950513
241.77875322859197
242.53080645271143
243.83709422577422
242.8895832142234
241.72446618550333
241.95092522969279
242.2501058799462
243.26676839201113
241.96150946101082
241.48245221150125
241.76777080205974
241.46210388291883
242.3861871118545
244.0511629044562
241.91107958066334
243.4244339205519
240.7153406868735
243.50132429493715
242.68552878470322
243.43070960981362
242.37884429038834
241.6226259028624
241.9784172172109
243.8883864955563
241.9134724888486
242.62148958934563
241.87725551119502
241.60696280437733
241.7906258955896
243.82469156899683
242.52923180031547
242.99063549270173
242.969336550866
241.38521013519858
241.3483735581734
241.85102693883584
243.3751769971432
243.39598784569617
243.76537362603514
242.24062772102073
243.85807540250198
241.8329054142543
242.29870963465476
241.4998248636442
241.96343782442315
241.46849920165684
243.43387257020277
245.03168606503758
240.61918099677564
242.00103642913672
243.36432402897975
241.3996506330063
242.16756877175413
243.4698595620978
241.56580388492407
244.9480281292554
243.24209769724828
242.06662073995818
245.57483757157033
242.3144178731871
243.74489171087978
242.2433196316129
244.0217958961018
243.93202106460126
241.8114328636748
241.75225910525663
242.5929755439829
241.80099058719864
243.61530634891983
243.30463901147195
241.67288679262563
240.85261102694417
241.40402577670295
242.2589466541456
240.64427106716033
241.28346905315212
240.53507604533866
240.97097156031504
242.85500251580845
243.25055275063607
243.8789442602781
240.95838278200333
242.02221530402988
241.68722541800705
243.7372332799465
240.73299818509471
241.81892983892791
242.2134887524596
242.53047263784282
242.98540983358555
242.30505105184153
243.67174069552846
242.10132750260533
242.11479243157305
242.19758034861067
242.59071274228185
242.95720374597846
241.2297492402341
243.47181251886985
242.05265650456977
243.65101237151558
242.355679908021
241.98990143954236
243.4928049870617
243.51261412895508
241.7683755420824
243.21859406982918
243.52965455270206
241.7121127792032
241.79231723893847
243.15824491753156
243.50097013248137
243.6148630697303
241.54335411939783
242.86066066569222
241.65537375127346
243.98494276478627
243.89005747018294
243.58805555860087
241.27340635775957
243.6700792031783
240.623260623176
240.94376657265641
242.20976926944758
245.52640189249166
241.9138407874098
243.9653906871889
243.50844735447163
241.87156977100014
242.2057774166918
241.53708249407117
242.5512204265345
246.07683818398132
241.55502478959747
242.42496354436477
241.71221274169335
241.90126554448588
241.80183162447912
243.55972509586644
241.6094795698887
240.529904765981
242.06427919898823
242.47039935047047
241.4269105504757
243.30081715360888
241.8759826782874
243.87507207908095
243.06125179680697
241.60816199738318
243.37902131736863
242.33834653272808
240.53712459771458
241.06713877250144
241.44313405581485
244.33963709610669
242.5716956272659
243.39322905793642
241.72315783912055
241.71458741364802
241.93267163867426
244.0486687293756
242.3699083648828
243.42026966935714
243.3567330585932
243.62649621978622
243.36218574497897
241.6988145104412
242.00186072283563
241.71850941527907
243.50077297755055
243.41453622624252
241.87548336461032
244.23718389788942
240.97876553053615
245.4279603696504
244.4540924059594
242.53772839078985
242.02341595767857
241.66000522304083
241.14229906139468
241.11915259101812
241.727180301449
241.8992039733499
243.2277892057779
242.93308877119884
242.12357144577953
243.72155492618862
242.41261802029618
241.34516628342266
242.0221509717639
243.35833323442674
242.14099490038703
241.5120386801953
244.07845782109825
241.46258236923032
241.2660356657116
241.82418277285942
241.98738315548624
242.10311177762128
242.090365579364
240.7029265140482
244.1052516774319
243.47175451731104
241.76510032688208
243.85361133511464
241.74797249222846
241.883664488481
241.4180773862762
242.30394754817382
241.60908588396586
242.07203663843998
242.05844969163545
241.43426306178046
244.0815617292243
241.59999804950746
241.77745781160283
243.36973206479226
241.35925881872373
241.75080585186433
243.33712518891105
240.6568797085168
243.25327972473545
242.23075139163242
243.70196468530872
242.38109249355867
240.81507107992584
241.74178041095428
240.86372659254252
241.73184312650025
240.74331748455927
240.56410959627124
240.5066521106263
243.9367220499529
245.64865381403837
242.28497548924688
242.06961055971829
241.23179170971426
242.46196469989135
243.31240858403694
242.58095546060292
241.44167843098302
242.79650408819873
242.1835889279917
241.1493563600629
243.50985088251485
242.5868376667553
243.7354480191312
241.2594030359013
243.2825233233468
244.13682656026265
243.14521967866102
243.9655920895866
243.22144577028578
241.45315149869143
241.52164735653645
245.80864667668436
244.03206584558328
243.61137296823875
243.5979435392101
240.8860314058142
242.28923581686752
241.63547277469948
243.7360159364624
242.16674282366503
243.490104027863
241.67784176249845
243.68882907258205
244.20014782079522
241.74548343005105
242.09614757788648
243.65763712285954
243.78047885528179
241.66150668906275
241.08753311664523
243.36389211033304
243.62032242299875
242.07021494616677
241.83830921175038
242.26259231337454
243.63251617395
243.50139839456213
243.75027922146438
243.30898569926362
242.05518129785096
241.6862352239052
241.69046251256407
243.36456576658065
241.69579568543674
242.27653481466973
241.97890969798783
241.30565831547304
241.1484218373885
242.64187583568244
240.9749818486891
240.66210254128382
241.91217785857788
242.92046108809546
243.4671432064714
242.36429045206145
241.63336490672697
241.58451211462784
242.39120904068494
241.98041091532582
243.43097453370336
241.10220829154778
241.25182923136245
241.89297867928306
241.94413296812834
243.52905927499728
241.8438124576707
241.23011836568728
243.72056198866096
243.85401215769645
242.08822930243798
245.61445144762328
244.36061943316201
241.90797160511252
242.24805292675214
242.20399744997064
240.71547642429215
241.98198762691032
242.2965030584842
243.34502559052984
241.21807776892894
242.73282889067352
242.34728789982708
242.5220892393171
243.774391436808
241.65804904387207
241.86598603347298
243.4240440684493
244.18024406230893
241.74452299864404
240.56706376187225
242.4703590109657
241.95571963856747
242.60266018986044
242.17662796166488
242.01463075006205
243.6360817693594
241.66379249662103
243.135404878698
241.95095125522622
242.3790419190342
242.86263228297787
241.49751224144737
242.30869433075748
242.1028666687282
242.30900309079786
243.52886161174897
242.81783924527915
243.86955242265034
243.77677307023518
240.67909629259347
242.1506464355137
242.0872830668388
242.46796119930778
242.34354675812895
242.81192719978392
241.65495733045367
241.73957121319745
241.44145357704932
241.98471921841528
242.06598114202458
241.91521052479212
243.87808955171343
243.42883449753475
242.11536264574235
242.02319003005005
240.9157757693485
243.45342634539014
241.53698267607814
240.68765226501324
241.0627179632256
240.90702409483325
242.44719583592118
241.90061966978172
241.12098855872787
241.93089587143803
243.29167744625727
240.86809683553167
242.05963407221296
243.85100681083523
243.86924260159665
242.62383934892628
241.80043301352117
240.63539699806603
243.75534332106196
242.89655045682358
242.78546356771795
241.96355288037617
240.91653689121267
242.53947875124598
243.2163295823784
243.8049228772603
242.443365461582
243.55440570783176
242.26018473892836
242.00651999798353
242.07762179275537
242.22499629051293
240.8092553130263
242.36555799333013
245.6063074893158
241.86813470128484
241.02179200331784
240.68287885133384
244.28227506294488
240.74828900320597
242.02336567077685
243.72596185010786
242.5773387351771
243.26207593501653
242.221171232793
241.51775629302907
243.32431568491532
242.7342586408679
243.57244570892942
241.76274386495103
242.22080866816984
241.7154893979298
243.62242053560502
241.66586308447432
242.9319746770668
241.02902319424405
243.31556146735244
240.5444094000028
241.69160113817625
242.84214442814843
240.51584424996125
244.85290994687202
242.06436779786583
246.17861470586044
241.19303956358056
241.43005021484396
241.22746242788799
242.3481075528194
241.52288950461306
244.37783011123108
242.3536640812873
240.89792852511295
241.78800417998053
242.15171715015785
241.95123832377357
244.06892992921024
243.5367521844015
243.5640942068924
243.9410411731146
242.6145069569179
243.8542726578667
242.06413114096898
242.73400782724508
242.75986523023454
242.8960427845536
242.442714335515
243.66463727751326
241.5068892527286
242.18324477035162
242.0109979117548
244.37741313652128
242.49350793093944
242.57488040841054
240.645894415276
243.986114452513
242.97906075262554
240.69934574655383
241.75918616339055
241.53700954297287
242.10236194642758
241.5689696062697
241.7322808287697
243.6316317204313
241.6261430693411
242.31315989025734
241.97658080829396
245.63221363731085
241.68201795940402
242.2389480135459
241.72072312787265
242.28294521886417
241.781626465788
241.98194949237097
243.7018916581225
244.82008650146034
242.1114676131883
242.53172998183388
244.1569928343614
241.91145002819536
241.08516504175907
243.94598263677693
242.970034281354
242.57555846027964
242.23275897012726
240.94178168809503
241.94844307970408
243.62972161706531
241.86726439348385
241.7110630548672
243.90838772760267
244.0766946406962
242.53222236543638
243.56375714282512
241.87014210451173
242.49504276679778
244.778612849183
242.25770442571462
241.85446442700777
240.60321857605317
241.63603557355796
240.77302173843725
244.04528006400568
244.373002892
242.08192664656033
241.94068055511678
242.5126961968987
242.78522676924564
242.03485048891426
242.15755283149886
241.4514087860579
243.61165369217372
240.82638393099506
242.32711379176567
242.65817906231732
240.66620903459943
241.34374840253574
245.43036768001917
242.05252100063205
241.82625600513612
243.51448355034364
241.54189524722722
241.7980952266549
241.89794763292454
241.97462179713435
242.4681943938954
241.69861256962392
241.30760697518878
244.18271326878101
243.388863784842
241.10890818358266
244.26633190864277
241.45260239403254
241.71891389817984
241.99069256069913
241.83024998807892
241.96143890431384
240.64171584051246
242.45524082826194
243.49233037554876
242.15823588083458
242.1912271010045
241.75614636877876
241.7479633633024
243.19208423257328
242.25536679476838
243.12822361981893
242.01620644237497
241.6291110278681
241.48989082860825
243.8488167141267
243.62400682568645
240.8185000311176
242.35717224011938
241.62564985334473
240.72409698379576
241.72789461020628
245.52801497974664
241.6610405171855
244.2430861810681
243.4722163621041
240.5393419097984
241.6617479502971
242.1031798704732
241.6669144294827
243.49366297914753
243.73593592643655
241.85193114192822
241.57960420718817
244.0946171569603
242.0322304018777
242.30789881483804
244.08081147818643
242.13280276299253
242.61553052533532
243.74681214778238
241.63399802611363
242.4993603495155
243.40833843626075
244.0019258990772
241.65833608464408
242.00808121492548
241.94428000116105
244.6630150141303
241.76298335930449
241.79115844363594
243.3236853553099
241.9696651265868
241.54714191759157
241.3311464508897
240.39678274714257
241.9761827985457
242.09255300196082
241.7434794199261
243.18324457898538
242.1642963455716
242.15540487723302
241.67789526486317
241.54082273640503
243.23754702873637
241.8488488272108
242.02358454422202
242.03000915975392
243.4876305484457
245.6350068279658
241.54856706828446
241.64120617354303
243.7838378519687
241.14000769740738
241.0065520541224
240.777886522299
242.9245005850853
241.47924731949064
243.6155304050637
243.82935305553252
240.77643709032128
243.58356044429163
243.62790577710487
240.74339674465173
241.26851626512791
240.99967894394277
241.9935104657318
242.30466132550555
241.90755662283848
241.01980769596463
244.26308705482202
241.49986266995694
243.7011651424219
244.85558512457544
243.87926369747888
243.68047358154755
241.66782430309294
242.53670715492618
242.23670301920984
241.0021483057155
243.36841837532967
244.3152940862162
242.22038760137679
243.33072814474437
243.42496376997474
244.09211641595326
241.61753486653814
241.21534723216348
244.6396414140843
242.24117869875803
241.595579903139
241.37777832716506
241.87778260408044
243.47656661226574
243.53887223844885
245.59773908348134
241.67640109681278
242.65942857494528
241.40455585469556
242.1561990911914
240.81150881311038
242.26660312028457
242.5001982549749
242.00612103635444
241.67931374734576
240.96300235052922
244.19257135603408
243.57505768210635
243.0853876466091
241.80357928249202
246.0526771815064
244.4273265455044
244.15822330300418
242.55720126680527
240.96864570739012
243.693233139727
243.41563543137397
241.8148082776737
244.20548886754705
243.5062055581578
241.5664990037103
241.12702852354772
241.7221263847517
241.73342832669326
243.35993557151488
242.17915908884655
241.01185716298227
243.55552065684282
243.83568830397363
243.12073784096685
242.34675412323313
242.18239328872733
241.8211486051042
243.01945164603137
243.60717238719891
244.30722570879715
241.7014922854425
243.95517153511528
241.658871178951
241.5266704221755
243.67931681112768
242.19670322562277
244.00367477178602
240.78435166092987
244.09714053842183
240.69220155248283
241.49995874057504
243.59567943738395
240.9178964519694
242.42993375431573
244.1926424883054
243.4534089332265
242.09000113904366
240.78930056922502
242.26650262813968
242.12903085182302
241.6509151449345
241.16350327341763
241.92955875263954
243.41820406909315
241.9441208751847
242.94043329146658
243.29255399614755
242.40690203698438
242.0049089819119
243.5443453988188
242.5621010806259
243.47340837728504
243.18594187468616
243.70168712088332
242.7865246703904
241.8468331202941
242.79384410405623
241.13582214502017
242.16654369609364
241.25899951568968
242.92984411719073
241.50944715588633
242.25001175070804
242.4244735727423
244.03875298125521
242.0516619490092
240.6856400719464
244.00350791829015
242.82620381224325
243.22059301265497
241.82958104656595
243.70648759252444
242.17198561102134
240.77824472243148
241.87112697973504
244.36937127915076
241.38201837018653
241.2674080870384
244.14004528927802
242.18912902750688
243.2027278362713
243.96737725373737
242.54030596634138
244.40629385209692
240.57055237648456
240.6957713529881
240.88831643667896
241.18682348355702
241.95739841186864
242.00068657179264
241.88737511631254
241.79059721237874
243.79179541391773
241.89380682287864
242.44151354596744
241.9484101770429
