450.5040817605268
447.28592876307164
447.26597464409247
450.2420051868222
446.6585442003974
449.74008003862457
448.3679149576833
451.27584629556605
452.59581948014903
453.0198673348385
452.56152327472336
449.31228995496406
450.83714631246954
451.72078866609155
447.5403375848797
447.48338922229107
444.88825059792157
446.9339177531615
448.73480655926153
449.98716565110414
447.8672760151752
448.25648384097985
445.9966826238785
448.1891207287338
446.13632068727406
445.40989682523565
446.39075052738696
445.2175057484896
445.7539636667756
446.8222568222383
448.37183486455945
446.10205173860055
445.1314464535943
448.2480316078728
447.87387150861264
444.8484026078646
446.1557455285695
446.1858982067594
448.00847775789515
445.1227143973556
448.6656458414587
446.93740404438137
447.97826249422127
445.94468186229227
444.88595071865774
446.529741629415
446.8771000852174
446.20842965295077
446.64527771536416
447.01778895967584
446.05608812974566
447.861122207047
445.1004199291281
448.30252867722515
445.59537928777763
448.25885222101033
446.3484350421566
446.38085120417304
445.9720630965395
450.9376185559091
445.11959933024326
448.7808994598465
445.9676415515121
446.0326929888736
446.2781029680144
446.20478208079595
446.10429769573216
445.89896930701644
446.2648148474123
