1190.2053640711244
1196.3772150930447
1222.453429276102
1191.4925662956575
1196.0209557860453
1207.1420596994549
1192.5006297291309
1190.5422969365084
1175.726488643723
1192.2653621327224
1234.113163539664
1199.480791265398
1191.993808218479
1209.647189245641
1190.4029435977945
1206.0211237335886
1192.7241307009642
1217.7602358418085
1196.3706728232914
1200.2542726050824
1188.1629689050062
1196.5601993046182
1185.8829646527606
1192.60307635956
1202.951354879052
1195.1189995680108
1206.225339866109
1190.8209216316063
1217.818718914528
1217.0062567011732
1205.1329703947351
1204.308174348558
1234.7448769441298
1204.8970546427686
1193.3321177874218
1228.055582728094
1197.2426664563357
1181.6967261186082
1193.618485503515
1215.467228790586
1230.6053367319187
1221.1984598863858
1218.2037969426858
1196.9936234188754
1195.0254146155453
1178.637715694036
1196.7819845992888
1214.0860173352353
1188.738367762674
1195.2813852566585
1177.943945541173
1191.6709378284472
1202.7965026585375
1195.2945001916096
1206.4615750842302
1200.234326798835
1187.8877402814812
1203.6317511413017
1204.1149598515522
1208.4379661345715
1199.7765976068508
1214.7054435085806
1207.8153247417595
1183.6290498443605
1186.4266638481379
1197.5163612536542
1218.8603973212919
1217.673375985754
1195.7808459862792
1203.2064910915217
1231.5532667847085
1181.3276352770974
1198.7399211860056
1208.9977816374583
1185.893706091187
1227.180239244083
1195.9255208656546
1206.1326468791071
1201.9144949522868
1174.9395136676364
1220.110681531852
1193.77129009971
1260.5170959241664
1198.1796128397698
1205.3566111451146
1201.918536133785
1201.822742267458
1228.1746308261756
1220.0161612113875
1193.5728804336497
1202.964285675985
1211.1372729432542
1225.9948342361035
1231.8396375328334
1215.3264829929803
1221.5609230662185
1218.0307576377224
1212.408088776973
1202.7740416492536
1179.674924189825
1223.6371392989095
1223.1405488184757
1198.963867373098
1183.2663478855425
1204.2471674010844
1201.588678726095
1214.1643392027038
1211.9014635010453
1186.1952545498334
1190.9596631161066
1214.0427873210522
1205.0658182456784
1185.578577479118
1223.3857591699038
1198.9413594574253
1188.6025850926092
1183.4335271550144
1218.9712642047298
1214.4841859318922
1210.2445440499644
1186.9858593477763
1220.9342962836547
1196.668743939126
1205.2148357765539
1178.2880451644282
1187.251201127532
1205.2730544966669
1190.4286780449193
1220.347106709069
1194.5225740423532
1192.8709612121138
1202.747993904536
1239.020737159604
1198.913766293936
1207.700396077827
1203.3986734340033
1202.8254196023158
1209.593669519359
1204.0870195033567
1177.5317707885176
1182.9587076106275
1213.9182824775378
1224.7684815054383
1186.6492775566269
1212.4934089566011
1220.2623973191385
1235.4977644068115
1187.0783332587728
1180.6646548655212
1207.8315298103591
1180.8646146161932
1196.191011674031
1211.6930908146442
1186.9610186578846
1206.8572152406675
1223.2747621679005
1196.8991319650586
1189.8499027163482
1215.3638029279582
1208.4264255180517
1211.4315600403183
1192.2396434873888
1209.6627436899907
1190.654628772267
1207.0584604461376
1208.2603457238324
1209.8355069069107
1194.051454957441
1191.8574342692743
1187.3193032366728
1208.5925045081794
1201.3739035129217
1199.4229701241736
1216.4540979573198
1189.584690849148
1205.701412934338
1199.5167329801616
1199.9520935481203
1186.1648496778967
1212.362285097224
1209.245095595078
1193.872241336331
1206.364477271167
1201.575245918949
1182.6564949321564
1203.6848905270144
1184.888866390556
1191.2038767486024
1196.5692616422944
1187.846886092198
1196.493667744138
1210.5861457960157
1214.8079605877783
1218.786234158193
1207.324178651697
1197.5124183312212
1234.0861972419057
1189.5979487124328
1198.12435065382
1225.3119042838007
1234.7332170164364
1211.623561515637
1209.0124671748213
1214.4359729327912
1180.8950794748132
1197.679920463923
1191.2650572588236
1207.577021596323
1230.6853519175538
1200.7056890196175
1202.8179624853315
1225.8680784711491
1238.8048124070738
1209.0150639105584
1207.1660662896295
1216.1932738366547
1195.7036066418111
1204.8644798099144
1214.1391197970815
1198.708852178754
1226.180849540448
1201.5997837089653
1237.9266061624876
1178.528735583877
1196.446173513207
1216.0200471317507
1225.2088380834953
1182.827362349044
1225.5116736813413
1189.393551671532
1220.1848812324167
1225.022081857987
1189.4125066542424
1180.0584480919424
1216.868013468629
1198.8757835932518
1204.4005899725719
1209.6876415940144
1200.5405688338685
1210.5478336303556
1207.529243017317
1184.941182410305
1217.9688743808333
1207.0802647429407
1180.8691139034122
1179.1652321603622
1201.2592014154707
1182.2987054345833
1218.5436357975773
1206.5990738142411
1206.4772953281336
1185.5260530361306
1191.3147542941447
1194.290465378678
1192.0138454036446
1196.808272318262
1195.8025890331012
1194.9246908663085
1195.993412348597
1207.6220137381238
1191.6287167173678
1198.5221952291652
1200.8287105528307
1251.3251461607024
1194.6368166372572
1201.687538413218
1196.183145818859
1197.1617087676038
1212.282092281023
1241.0642364086775
1183.7771830587485
1190.5947355033065
1219.7570539186304
1177.4878092162558
1186.1843079975476
1243.064887114087
1204.5872291608814
1193.6227924772847
1208.3677636490472
1200.2705097099981
1241.0186140238325
1223.559608780608
1190.4773652083309
1194.1967758036342
1257.0588508091341
1217.315806515892
1237.2599017612013
1195.2257464544437
1208.0435531047362
1193.0799563566343
1200.3482206050785
1196.9839596835445
1205.1029957787089
1264.1846514261385
1205.1889204159445
1182.6821913700169
1198.1584911727878
1187.3237249621134
1207.1083320921143
1215.7378880888234
1202.6485531462797
1212.981877810133
1205.6700935622937
