1430.4037197233638
1446.4232539943139
1386.673352267345
1401.5485291290922
1382.9504865832766
1392.574317710393
1382.4971718556637
1370.8717053135072
1393.8006874618727
1381.3905353672121
1377.0438982525243
1390.7095610020694
1372.0022967008358
1386.333577234049
1387.3486333192702
1397.3878562880277
1429.5445205926685
1403.0783234511766
1380.068530370494
1401.5638141514562
1390.2791521978475
1412.696439051466
1359.6618042131277
1366.0976981215451
1374.3998292066065
1406.6321624666834
1375.9618204034186
1378.335620059958
1373.9760886805902
1424.249669301498
1385.9440221324342
1357.8840928872587
1401.9439637945827
1422.7072800482697
1358.384792078246
1390.7259999846387
1371.4412072118855
1424.6785007395758
1409.0179616775515
1404.9483259780902
1384.693182422648
1367.1233217342965
1366.9756822373874
1446.6123657283365
1406.1325564574481
1447.386674930291
1436.3960970250864
1363.8323160556722
1424.9079897321353
1468.9701294887448
1367.0794180393918
1367.3334359857092
1388.084325804127
1404.665660078437
1373.7383677157613
1392.113757075688
1388.6501494584516
1370.139821066301
1411.7331019761466
1382.877585924501
1387.4171140096455
1382.5396647183074
1423.1495748371992
1380.9630732768844
1384.7944891927395
1379.6635711117276
1410.8569081185835
1385.086796502645
1371.3364152930246
1380.6990244267126
1384.4470687015476
1425.6276177032369
1384.1891151319621
1408.6255668909723
1381.6780359211275
1368.4261184774086
1375.8806172121476
1371.5304963522537
1405.8617671598777
1435.021722581422
1396.3554606439045
1421.3932033206318
1387.874188711681
1376.8551323392123
1381.4663531417489
1374.776353632274
1380.4334625761592
1396.2355433435955
1446.5933735518624
1370.0773788285794
1367.8559328510355
1381.3299498581994
1389.2775052630504
1373.8405362392064
1409.906503181304
1396.61436005869
1420.8929407843866
1400.8281823523791
1417.0617635547048
1408.8016440192143
1388.5378075582748
1400.8643892317489
1436.9918648634016
1421.7811769879838
1422.3786074954944
1411.6551094521649
1413.041740219712
1397.9579678522705
1385.7781842674567
1387.1456897351695
1376.9300983633436
1373.6961107921784
1424.288993772701
1386.3842299428688
1380.847832987073
1371.0295668967142
1360.6517536910105
1399.2310393694634
1421.085438048767
1400.8868082964682
1428.028466240137
1394.0326991299908
1426.094762578598
1377.1166486373902
1388.7114569420285
1392.6406021167202
1388.6401569709271
1383.7973633755005
1368.5034119723337
1450.2124296679938
1383.7011277198153
1381.1730874617851
1371.1489412921337
1386.8573401998726
1419.1750380717467
1388.7183706287205
1392.6074179899438
1384.3304142812035
1401.5368692670463
1425.6411555216164
1372.718014660017
1404.7668742585904
1389.4273381807488
1392.1230973195766
1420.4241059419921
1439.9403172137286
1386.2921345649572
1404.2570634966216
1388.1427732749903
1403.0930988843952
1418.4347376616897
1408.2785488925645
1394.4150731878801
1383.7724487874796
1408.7160552748849
1383.0916415735721
1364.4523313743473
1411.3288152308273
1417.1784869820774
1387.8583270003169
1390.090714323008
1393.9542007645987
1399.743180944927
1374.0869607083182
1428.6803001510525
1391.2026120956336
1411.4770266924454
1387.3111090175737
1421.4741570658048
1402.1776290666683
1370.9971029390933
1353.5298028191737
1400.7277025528688
1376.6481125703724
1365.2887876344046
1404.6725484624487
1422.2256993727888
1397.2941633466576
1393.1947469106972
1414.6362392582469
1410.0323147267711
1419.0184151304684
1391.1198649607777
1463.3590081547093
1378.903909210444
1403.377339612621
1402.958699823696
1416.6739684619336
1410.3821902838868
1371.6458234039594
1381.3623912010253
1392.6059725972275
1395.9106582301774
1404.64691891295
1362.5923572616948
1366.6871236649877
1405.639802308654
1379.2072014436426
1433.8546562812378
1412.155796786428
1366.9065275702385
1422.2494186461606
1379.8914694671726
1372.225349783028
1398.9528923531334
1370.3462399181246
1378.9032339287264
1394.424398859559
1421.8315803850232
1445.4567226382953
1388.4513441679974
1400.8772725484366
1376.4302162317117
1387.3999620462512
1416.887281717591
1398.1173587478747
1394.258774459986
1401.4545746975732
1382.6380836101964
1393.6048760531482
1399.9662353199174
1391.3492957366338
1403.9533911596902
1409.3445122648861
1423.2838633329125
1383.7426296478313
1393.748970501389
1378.2667687242235
1431.7895853604161
1373.0947622448507
1389.538778225869
1372.1990161785739
1381.7704261993024
1414.443938470547
1416.1016041040018
1389.5016046787027
1404.2645502299488
1382.73364699344
1388.7592737351808
1371.6064774656074
1436.5526576526486
1383.1744843821905
1373.283151318234
1386.0408353835937
1435.0871053365472
1406.6492173734418
1416.8527000522756
1394.1933521900355
1392.3187006205735
1376.831115664037
1402.6292402414902
1379.8636993978976
1398.2800410185052
1374.6383986427925
1396.8026469785536
1364.9331702667191
1412.400999453528
1376.8932309003362
1406.4543589942225
1439.796062976234
1392.006397293366
1371.8026636255122
1415.555929284149
1366.3500852696409
1410.121960736751
1399.715469713527
1376.8729857609792
1382.1267724707473
1383.2962760817998
1386.5785727433365
1428.7166310413643
1362.8215899360787
1399.9011613315467
1373.6260652860592
1384.9160372772797
1381.094611517887
1390.9139536759283
1403.9142835840423
1406.9051640289576
1400.283699348344
1381.895322237588
1379.2763779139525
1383.086258497869
1389.2429120104282
1405.5126506440806
1376.5342780896542
1408.2210821035687
1396.9094894300767
1379.9496270869013
1415.643973765661
1393.8489367700668
1369.943954474548
1365.5226910013064
1357.8226726495482
1429.1612190318372
1371.456471577946
1430.6308311085568
1371.8619559104256
1432.6380273666925
1380.5766238234976
1460.812170714664
1361.3151635402312
1432.9625454774352
