1777.904090939102
1784.9750489034159
1725.069635114221
1757.354629132094
1736.5538057889898
1737.7198736949563
1719.5572329184424
1708.305952123435
1755.2064093192073
1766.4057128579232
1777.5521274922537
1732.317247474528
1774.5168179437712
1729.5606264979162
1689.3457978959873
1741.6942491424272
1742.6112572024142
1728.3270605999592
1719.8845769189018
1754.874603118469
1759.6413999320396
1718.9469153177372
1762.672756375203
1710.3120197670683
1769.4208979036703
1728.1841412131623
1726.0438409506312
1712.156720458466
1819.7464645507346
1761.2921456523177
1711.9402480405695
1700.9455341946712
1743.9973892828657
1764.8346171178741
1724.5266556636466
1749.992830348754
1735.3793235945348
1748.436835154138
1701.2457907425896
1737.8354817952115
1764.7490199673348
1728.2643401498228
1695.3849425828346
1719.244202638037
1740.1527273897732
1782.4234838599664
1729.2034360184325
1786.0093201720435
1720.1028623441675
1690.0609000729155
1733.8252074703396
1701.1903109075843
1779.7355067680912
1765.5604202948543
1708.6775231358356
1818.2723128283358
1717.653128755306
1731.4784648995583
1701.0448650209285
1700.2641711393262
1734.3551213587464
1745.8161618968209
1731.248297502004
1727.3267342519437
1753.4156816916445
1729.258837342172
1736.603703502809
1717.8318846498855
1781.5067245761472
1742.8446987785414
1781.511493934634
1768.5246770667318
1715.2737568086538
1712.1320721853424
1742.321021940508
1760.7297285591733
1725.9425790982793
1722.1204543593492
1707.0631452024468
1759.6904417951162
1735.288037814555
1715.9790997170905
1723.9158659281968
1725.1556408484353
1741.8030366509158
1807.3043424874686
1714.1415027670237
1690.2665892586365
1776.7366820933917
1731.1668902155634
1765.562033651065
1707.7593212432666
1745.0279602371531
1735.10311952363
1753.1193709348756
1709.6517130414718
1718.8084878488758
1727.244239458371
1773.4263954567143
1780.6157080284313
1699.4879244845768
1733.5687379843807
1736.9925069330416
1778.941635742138
1724.6123742126658
1762.6923434078808
1735.224992063672
1693.3350394535437
1744.7819923542136
1739.481392747906
1735.0549306772382
1705.700674924517
1757.7273425634228
1714.3771762196773
1744.5303699161707
1741.4459636919375
1727.5353303644579
1724.7971525880032
1711.26689893384
1746.6943123909934
1716.1724735397868
1767.0179916787372
1780.6721674298476
1785.144257050773
1745.5839848128815
1751.0803528683668
1754.3315998817109
1750.284187708751
1697.4745413149074
1779.17359470611
1754.4605917061722
1783.7006716271524
1734.6636258078674
1746.9013414916215
1721.9628487672196
1754.4251466054143
1719.765059566667
1760.9976514298278
1735.852199578325
1711.7784439874083
1707.3929857839391
1736.5873573508197
1786.18406801506
1707.5237675589215
1712.550875696831
1727.4255658114048
1749.6644703657407
1759.9971992198275
1727.654708977339
1745.4605073483144
1734.3273219790533
1726.284342781
1762.403247805753
1750.7173640072117
1699.6124526100377
1791.3497021129883
1734.0443131294255
1708.6038507708938
1720.8044691336722
1714.6950786132895
1796.7439611490909
1727.4310838389633
1766.3149822690023
1706.5241987396562
1714.417884456421
1727.8021731860006
1737.01669931134
1735.2205367418055
1708.1662764961334
1721.3054079072735
1786.8687123126115
1834.8621998399838
1799.4984903587306
1720.3636811241004
1735.7314965165567
1729.1907166860706
1724.9908963075166
1753.2080934566482
1729.0818989207373
1764.4660236339491
1734.0423147796512
1694.688937520898
1740.9819251538104
1731.7657709868097
1731.2157491298879
1713.1191989415972
1786.6003034260395
1718.2579585061662
1722.078701477523
1709.0490937118873
1716.7164586319714
1729.705759110604
1715.0174818909113
1706.436091945165
1732.8323033981937
1742.0745235850309
1703.7559216591471
1712.1783177300556
1697.7243159922427
1721.6333345331814
1764.13096205854
1723.9583317172687
1748.171211675989
1751.3802194801178
1768.5057717283796
1749.6044150662456
1709.168832916518
1685.8253567872594
1744.3120240321523
1738.727311454082
1714.494046541761
1845.2156209068758
1748.9995632772238
1761.0488105525965
1813.6124177203485
1807.052100790706
1695.5593668851525
1721.8215351164185
1801.7790194659683
1748.952588415107
1733.93188591973
1738.0418658293875
1773.0735221119478
1729.4570749562813
1766.6871025584685
1736.4712602069815
1739.1546267530784
1762.654270485098
1762.8103897609826
1731.2833372236505
1717.8869056811282
1722.3356880151268
1747.9797595443965
1746.890027436371
1794.9897286509954
1722.9460378937952
1746.291130180904
1697.9497467205247
1754.9241773942829
1725.5960629319425
1703.37082977923
1707.7849662545523
1716.4158355982413
1713.2076787000058
1747.219957513608
1729.4166636326038
1746.0742431353644
1775.616656913033
1704.6905889757002
1746.8171586721714
1739.9557504625525
1740.6999599531437
1763.2625572779057
1795.5009544260554
1774.8300978470252
1717.361972929367
1713.480480411704
1729.9845185461386
1728.455364571695
1795.0955789771235
1717.811914259372
1757.7341272059143
1724.3368744742515
1759.958677511837
1729.9638603325832
1726.9611872421256
1724.4183197845941
1728.6977590994204
1710.975166916908
1747.6979678611276
1698.1624895109255
1752.4569711725715
1732.451984312043
1753.0218473595883
1777.4823422438856
1712.4989939372967
1718.5628680329673
1769.9584787399126
1744.6975445445462
1745.9552243514393
1713.770494901379
1788.6040765127236
1821.2839056582663
1736.0107143409004
1728.0538266662063
1700.2256161192456
1700.091172377718
1756.0818171799085
1701.1814276101188
1706.1344205297944
1750.0720471986785
1766.011846736919
1719.9082186768696
1764.2752397465254
1777.7423460245036
1741.4647658721738
1734.141148866011
1731.3281887210005
1724.469770525301
1737.5249646999025
1743.697578128317
1735.2894587872543
1745.0427516920447
