1874.29605332518
1814.762993495342
1795.6347236048807
1768.3959924189433
1839.3298130264832
1841.6034334410788
1786.6435315235012
1875.3806368960115
1790.754027497368
1864.3664882147918
1777.5004210490106
1850.1549923526102
1787.458970844158
1834.8337708680901
1814.0811903879296
1883.7800474613366
1800.5804322765143
1860.4025822355113
1807.6027964755378
1824.196747290077
1771.649567253833
1829.0235900663415
1821.070839539943
1765.872824476214
1822.1166617922488
1797.0644702310747
1785.4624818774637
1784.126392058109
1800.4006347280172
1866.8769673762579
1830.4466420544318
1819.5735487303148
1786.658863000989
1803.8750744779788
1768.0665993803475
1781.5329136997632
1836.4120667470859
1869.2098177943255
1787.1413043566445
1821.1391561080081
1828.9340765072943
1830.920538564175
1775.7209207350022
1768.336454178659
1824.0423725678897
1774.1688791175054
1885.9709823098742
1854.9344513444291
1844.9475363303563
1774.0586808454998
1831.831272122681
1825.5879410850434
1784.9689509546115
1772.9902998194164
1788.8019243536278
1821.5783528728596
1776.7798289142465
1793.5228499603156
1787.5364893235146
1842.929543252664
1778.9311042486358
1791.9831009148168
1815.693165885414
1809.7143008566588
1854.399456834823
1832.3278580293131
1798.5833473476098
1927.0449257697892
1804.5268873509685
1801.5697232200253
1815.4012310665119
1838.0482008361885
1829.5631776213004
1782.6931277365838
1854.882063628982
1789.283922294885
1866.1831197896977
1793.2463796263244
1814.5734141664464
1891.5168679101168
1766.5413780755218
1835.2264764052684
1880.446879699265
1794.0867322561735
1794.992110276351
1833.9207216692955
1796.8338844410341
1840.4895595733522
1799.3531905023256
1766.1062533213435
1759.6854826589756
1796.089953949498
1832.9532095505217
1775.3978526942667
1900.615413095108
1796.7857842804656
1781.1173646289008
1868.078887313709
1816.5462811844445
1823.2802539275954
1794.0220179954595
1803.1346415041864
1829.3346180595754
1782.76609870273
1854.091580485348
1754.887779396788
1853.9959110030786
1756.2474466847054
1835.8492415854364
1813.7176352574281
1821.579364207365
1820.07621074473
1778.1897740685333
1857.729707211932
1784.0049776376852
1813.3155581154465
1794.6373412485104
1843.5657729411437
1798.604788743986
1872.0407055528112
1850.2078453237455
1834.8946726694962
1793.364425768135
1793.1863312987032
1841.5095021769355
1846.7701805970696
1867.6852548055015
1823.6138772210973
1784.7807079376594
1804.4902294260842
1833.442240533752
1808.9462552719824
1797.03423103503
1807.997736064727
1793.7280921848476
1814.225072104743
1798.7155147911533
1906.5745805693832
1779.0555432815447
1823.9025705807587
1779.85340499462
1828.8754273061777
1804.4983200306785
1790.3556656788196
1846.2119142509198
1822.9767280909682
1769.3101434096839
1806.8648446461696
1886.1878497796715
1830.7271761385368
1795.5676285504546
1767.4283214729835
1797.6755567712855
1815.2747264035859
1854.1023680187484
1825.7310325730652
1873.5734140422855
1857.035053751077
1796.1714361176093
1848.8964057721694
1775.743801164311
1793.822074814666
1788.481077732898
1840.983453416233
1794.5711540600628
1803.4286904982246
1804.4316160559636
1788.3442534863298
1824.5479726140231
1863.1987581851447
1811.7436478351783
1813.6354519217498
1872.3321301664532
1872.0451181322123
1879.3006521486964
1796.3162071019171
1814.6323854112907
1889.0265259308385
1784.5796820379005
1775.1999165250988
1836.0301714085415
1866.3154140332495
1816.6755414582803
1828.4177693313516
1857.3008019910808
1825.9038318770254
1781.6919449243621
1880.9064381801697
1798.8249883859248
1806.7416182330676
1799.2968075207398
1822.5344593935752
1796.0823085822617
1837.5645434951111
1790.8544679983966
1827.7877149364915
1776.6588127413024
1815.9493682839156
1832.989971529357
1799.3331483819757
1785.536277860566
1772.009636350086
1837.6371448424152
1857.366441533105
1804.7799176556573
1777.1146700593217
1794.9647000202983
1816.9780035112356
1836.3449338502598
1796.2394330183165
1813.5089052989479
1760.4476480386345
1839.2696787088146
1839.784006030221
1764.8239243247701
1829.5867533717615
1834.072109077963
1792.6248903061696
1812.3463795557436
1789.805132264889
1825.811923984365
1805.7272129562652
1792.896720427057
1805.5171203481286
1768.012277254586
1853.658002327531
1795.6563057813603
1763.7680129907508
1805.0315021552685
1840.5879201411797
1766.7908940910922
1765.2333881253762
1901.8244204027321
1819.4305443403807
1785.112521104721
1799.5005375369542
1855.3417887452847
1795.1152163055629
1768.0769168940653
1805.8811077525306
1865.5778949268467
1769.009762043898
1804.987393800361
1860.3684118866151
1860.2780187683577
1864.9007694161694
1799.16646393927
1778.8962235646661
1790.83527816203
1819.799090238251
1779.9557151669921
1865.3508366011047
1757.6624544359997
1794.681394410658
1815.7269888413375
1829.6675483240022
1786.6065104094928
1819.0409421000504
1792.412684904641
1810.962047694139
1802.348340433223
1823.4575826294565
1894.9914048944802
1792.5152504388066
1782.273564189044
1759.207628961518
1809.9861189560386
1778.257659515382
1812.8484114968658
1811.439870841408
1772.371216799699
1856.4951123334247
1788.0665273064596
1828.0372390895236
1789.1304608468693
1839.4706681778214
1852.1611708460573
1795.0591069253508
1811.9344097685964
1776.3648183830371
1785.6703818984104
1784.7685354031696
1810.627800062897
1769.5840808995922
1791.5387156306479
1795.7324387474473
1790.3444714898078
1826.2592687633423
1810.5686946393841
1757.0032138544252
1759.9301394970419
1854.13359118144
1844.8262880862483
1809.5526459648863
1791.8109628749799
1817.4373592073994
1818.6686160397778
1909.0815930922986
1781.8697054766226
1766.7905478190278
1803.9953742352025
1807.37995575469
1773.7394694388256
