1253.25132708653
1266.2621876333722
1254.1469671864118
1248.1884614488538
1269.5063842691898
1239.7973845851454
1250.8593014406893
1319.5316452887412
1264.0682462921347
1267.2857909729826
1266.9493237706358
1253.3671716549745
1293.994329616942
1256.613989699788
1272.2647761798485
1315.8882783774643
1276.693375115828
1243.4849049372826
1246.0400144503435
1285.3210910202035
1270.4273208121115
1252.6241640348871
1279.4364872553085
1286.369267746238
1256.9796642306362
1286.9507181894337
1271.4394300623849
1279.5943381578777
1265.2867004849245
1257.1333566403437
1255.5633877135062
1248.4088370778938
1243.2201395913785
1240.6859605476664
1270.0910271836233
1244.7820887132195
1237.186234585218
1261.275520674379
1283.7475719959837
1312.6336521756366
1252.3101893435175
1260.5197690695743
1254.1969597585935
1289.415720477374
1265.953223681338
1275.9085768944672
1254.659589341206
1304.908996948872
1274.5555139258167
1275.0760345080873
1289.3888351226549
1242.7837869325435
1267.7500505418311
1274.6192339840204
1275.0489990019894
1275.2787416426445
1244.8909622818799
1280.5811756312512
1247.6651902784035
1256.2695675285438
1300.884632891124
1247.7941433449805
1247.7953939026977
1243.2696191781667
1281.020138442013
1242.4455579572136
1279.349178648212
1301.850416051395
1288.8343580317662
1259.4589832072204
1258.8974861393222
1263.3605556649532
1264.79967438298
1240.890949062307
1285.1111760720103
1270.4780136722059
1263.1468700084063
1236.9638505986986
1279.755870305714
1256.4238898095496
1260.81308345411
1256.3327446902972
1252.8803500535716
1260.8843607129163
1268.854059596203
1283.3356012101399
1269.6389015113125
1280.6493343581687
1260.7809371861001
1255.4470471195093
1296.5786753356874
1249.322606250324
1265.547840823806
1258.2619379626042
1248.0590684454503
1258.3057643218585
1263.6578492865003
1268.1544906864142
1251.8958451081876
1269.2541361493795
1281.0344463836325
1260.8454810788012
1258.850581709509
1281.7366402042567
1261.1432615135736
1241.2678587643222
1243.8268736847049
1287.2755176683097
1264.3992957610885
1276.8943259604737
1259.553457032429
1249.7839361065635
1237.404252727578
1297.8622701360553
1286.4535680257336
1269.7662369575962
1254.5305351079653
1265.3263593440765
1252.577603734245
1254.578520844082
1266.8590190298112
1313.1076896227107
1270.9451668051831
1322.7825783499773
1247.5125811041012
1291.2116734559363
1286.7781377960798
1260.6270075951122
1265.943525656753
1289.3794596540274
1294.3226884022813
1237.9019920247058
1317.2433218472495
1270.7541524857854
1248.1105264150528
1264.6686570790075
1264.4996752012587
1249.65665726442
1283.871711949875
1262.8997095823736
1244.2952107931994
1273.2226618950567
1256.3052380397635
1248.420976492062
1256.6771853436621
1271.1398334066143
1246.6659740833531
1264.6753637619222
1270.8706594333196
1259.845582591162
1283.327340607989
1261.1295884493247
1322.6297945742037
1260.968517268411
1310.5298352464988
1257.6902767969996
1243.9373835005763
1250.6790789075171
1308.4463429630425
1248.015529028772
1243.563607304734
1263.5524297356321
1262.6976633361826
1268.4967104606783
1258.1126523603482
1285.2218201576748
1266.3853273596376
1286.8761218321165
1268.2587861600978
1281.573148639803
1244.1634053866483
1271.989151038877
1269.3737043202225
1276.7171580473678
1262.8011230147101
1260.2307154125333
1276.4826197773511
1264.5367912121496
1254.4116020074457
1269.9824411994189
1267.9520732582916
1251.3083790203705
1303.1078587724426
1271.5334922065288
1259.5611588443312
1251.5716429006743
1266.778440912
1322.4931926873473
1306.4791991290451
1250.2079937820943
1272.5319936225962
1254.8203228828193
1274.2267658027267
1307.2413124989287
1261.350760272239
1262.0149618115745
1267.7415648596243
1272.2927421911527
1251.3918306931157
1253.3183876299008
1254.3696513421667
1317.7008529310365
1309.8179164146661
1263.215179159389
1246.4565279242017
1264.8617944431337
1265.953264380565
1260.1746558231955
1260.6757910447711
1263.503927332386
1252.309674130647
1268.677311762815
1268.1918550495532
1268.1398856463559
1262.0174548599853
1303.5688529856707
1245.2921500539312
1288.8842698823012
1283.6177123328414
1272.238413809682
1274.9928832627386
1278.4615130202912
1255.659340738544
1251.213970941851
1245.6290663196935
1265.648574318231
1344.9665512304582
1252.0191704877661
1252.726403539068
1257.246567924184
1246.650177001238
1269.9873267698251
1269.3805390030955
1253.046390851881
1273.365662049576
1247.5108528802507
1258.077278811295
1254.2832717709523
1232.4888185666207
1241.2950911956905
1263.795493823276
1251.8298137656438
1275.6666418417592
1260.4581930795127
1267.2422878821017
1256.754514253841
1290.741488203068
1242.3975459656817
1249.2712745788854
1248.9127984017662
1245.3879769738492
1246.925997197352
1251.4800239666392
1291.2861327257142
1269.0127721419533
1243.9122224803532
1285.6276840695502
1251.523298246478
1275.5155944079183
1283.2297483224984
1281.5002284876841
1259.9843947439113
1273.3381439666343
1258.491324650293
1260.3036666778132
1316.6704845219822
1250.2546450739737
1244.9837914431648
1253.0284724305939
1269.5208396572064
1259.837103529772
1277.9649914492034
1248.0179512260195
1253.3976181567448
1264.8905027959227
1303.281020366801
1261.1684561885406
1272.5922346480957
1266.2333511005615
1258.8750968627478
1252.4695542729673
1283.5132815682196
1263.2936080650961
1252.7570503639447
1308.710760351245
1274.4041599868635
1253.7619418273177
1253.511028694396
1271.773833373372
1264.6482205309806
1246.3139972058193
1264.182509211585
1286.3526612317403
1246.0294676421381
1273.1354785527078
1269.7110268177992
1293.4106474931496
1275.4745437121574
1263.037509113598
1242.6606595217174
1264.859337451434
1249.6400764292846
1258.7611732595303
