1903.8990295833787
1960.9087131524043
1897.5138859661797
1809.1003959678694
1808.0409109915322
1795.7071529055575
1802.9214230923772
1800.4325594528814
1808.782469683754
1803.207935268944
1802.947984745067
1802.0871628783163
1806.147176860589
1796.6293606179752
1804.0952117885638
1799.9998010895551
1802.5111293307623
1803.688599702464
1800.4956788749378
1799.513857412016
1796.7814248996922
1806.029566655275
1816.0797569903896
1807.1811528262044
1798.32109318214
1800.7201056008241
1808.7944089926298
1797.1032491119013
1803.6912132247405
1798.821599863792
1799.943003008494
1800.3071314256865
1799.7585268812306
1806.0718889159627
1800.1501385908011
1801.16677068424
1798.0620030192367
1799.285204607288
1806.569542366703
1799.970683203076
1806.4528382423655
1803.9087278096981
1805.2828738224835
1799.0621231439754
1802.4146470119608
1807.605196950265
1801.0215958099432
1801.655869993227
1803.9421162690562
1800.463186105659
1799.2265828715178
1807.758598812867
1806.1655081603874
1800.1812321270454
1799.5582209781978
