1891.8679339262344
1890.2508919181557
1897.3583042992188
1865.411305658219
1857.5339507367007
1898.6417885824123
1844.2996121976507
1874.0231463906148
1943.2508700227118
1923.4638386199922
1938.2230833123776
1875.4562686236775
1901.2630537818063
1856.4265967252904
1928.1834717503436
1870.809344037074
1878.645676265888
1873.8608967589748
1919.7945755831934
1847.3727602187505
1851.3746246803146
1888.652775627632
1859.717596774006
1903.9764123644052
1896.1227983765189
1873.5729096948496
1926.4299600986992
1878.849080547276
1864.598057004602
1861.5007859562777
1839.2248340256124
1863.1637943581334
1908.9078962627495
1951.6336935580568
1940.6563298195854
1821.4871554644362
1872.7034920955657
1911.129046804625
1971.4864074242269
1884.7612368639273
1925.8394905604814
1923.5469110326508
1870.8489984846144
1885.5286249356643
1837.4593751920836
1862.1555092975193
1877.2887279841273
1861.5931866832161
1891.0415016191266
2081.1881448882555
1886.3066700062227
1932.7730071710307
1861.9982390088771
1923.8475026474662
1830.7190278563176
1851.5813082942536
1887.5521707068992
1840.9856783537787
1854.811963473654
1894.5026172238977
1897.4603749033292
1862.297159576984
1870.361912349397
1841.007589124207
1917.8556838992697
1892.5442980649902
1842.3702192171859
1874.7560169066633
1951.7522770779503
1918.4998587426824
1896.8820005737607
1881.5862585868213
1902.2994755932164
1961.3862341702907
1870.7997307965786
1838.2749283584453
1836.3099190632306
1866.0342930220318
1898.2976856496546
1908.1909268471825
1922.7363705099874
1911.3157302285633
1907.9787213966379
1969.9856433835057
1891.5373045617803
1874.9068805597253
1907.4240428415928
1924.7929310279353
1888.3381280020637
1865.9097292517272
1860.72701267637
1888.7533957877845
1905.3169582941043
1906.127766613123
1839.3967938994404
1943.378365515894
1866.5233966100511
1890.695022326631
1880.1838175416017
1936.7133723031013
1851.8748398116472
1887.1784880586486
1883.686597131705
1846.92991778522
1925.6476270474254
1857.0468868212597
1863.6797401371962
1880.2669948865328
1887.2593228711162
1911.1251242603578
1889.484840106866
1953.3134807797796
1868.8801991627963
1941.9919080301725
1982.5067498302346
1897.0815843669352
1868.9126454691036
1863.66155188998
1874.431448004625
1902.5645835139076
1851.8844243440456
1842.650565227671
1913.7677452756072
1836.824839261011
1874.7739112708969
1880.9279096965304
1902.972165902873
1912.4273827683119
1903.678082255173
1901.5268956857333
1902.8279159572692
1864.6959699796475
1904.4245533009243
1962.7407656909286
1910.1253035954803
1939.685830762371
1912.0160012892193
1853.7300074825966
1858.7062719009944
1948.792386485304
1841.0841037035757
1923.4868307168367
1909.7554300769257
1919.7736387480356
1879.5622488937947
1835.8875430237615
1882.8757042340483
1878.0474044473488
1901.3508509163828
1869.8225418669845
1861.5903921847048
1918.6277018073793
1923.1737951162447
1893.4608060231499
1845.4748822213182
1999.2302366236322
1914.88642021886
1900.3155661879546
1877.3582204954762
1882.9222815196479
1846.9324468596042
1849.358946521517
1850.9999127147596
1941.653293906829
1908.029078641718
1953.182139237301
1877.0310363636265
1885.744039936167
1868.3462491645219
1828.701117333612
1901.3325304149594
1837.4669177083167
1850.6016394376204
1892.4863132398073
1874.5255941556418
1835.9052177863573
1923.4582665612681
1856.0654474669534
1900.4369243316569
1908.677203228424
1900.2268302515704
1845.547463492493
1886.4718649883046
1923.5974302545558
1875.5783953514772
1832.9782279179967
1899.105386421201
1893.2895688216472
1864.3645117989806
1859.3280432335616
1857.5370255209846
1875.241030656488
1886.35095995791
1968.9351655574742
1907.0578582538699
1894.7789404522725
1948.5362567417849
1853.0864753163723
1860.0186185910413
1965.688138106119
1886.026126857749
1888.8130991681282
1868.0571633760733
1841.8699747748726
1899.521899591043
1903.7426670685377
1909.0864758753182
1923.223547182774
1919.065384983848
1866.756773363961
1884.0948002252899
1858.4448748156508
1893.6824840530112
1852.540098103547
1869.8837924800694
1980.0103199346715
1893.774565639286
1852.1356822604005
1911.1439509005709
1924.749510880606
1866.7977420570498
1869.084649531508
1932.9660513816348
1841.125879186844
1882.7619649479602
1844.934269019231
1880.3033610467935
1855.9865800733683
1940.2847275526356
1911.4902120568518
1904.3689757499967
1904.3256417469565
1928.643827658833
1858.0530621104047
1868.8704943122295
1905.7961670579277
1884.4863643528238
1825.3774786940012
1831.4953977544403
1900.8446148785658
1890.555487357312
1874.8051331643173
1960.201563298713
1866.6213406052968
1871.5629579732908
1889.936617133142
1847.155340324853
1858.5501106988672
2000.0220035498626
1870.3780269520419
1838.400402990664
1875.0655994703668
1932.3964586475092
1933.5212599097797
1820.6626600180657
1944.626699985276
1857.133597203626
1867.1984563078388
1853.0637954933427
1919.7081556039182
1924.254171713854
1913.138579468008
1849.0536293737675
1870.3968923053508
1883.7550555148962
1876.3268841085762
1864.4815983671424
1925.3389891718389
1968.6974289830714
1845.3981106922347
1867.0790289367042
1876.5866048485527
1972.7857064323389
1909.4445147548988
1864.6884715000826
1890.1745158528395
1897.3195680919707
1888.7755840378495
1846.714374333403
1887.4815264861602
1885.8331127184017
1899.3405911399348
1853.9915325432291
1854.943771533228
1886.1249047312212
1879.8040131019227
1901.872109806722
1870.5513703408105
1881.9139436012554
1845.427272504806
1878.0895804314305
1912.3839880066218
1876.8119396270583
1905.8250620254198
1844.3514881643698
1931.3331068001569
1853.3573536891192
1831.149394017239
1860.2803993015514
1877.1723193218318
1866.0149299504374
1854.8063641872916
1884.33794679011
