10.96683722995122
10.969269670243552
10.967617613829697
10.980097505223162
10.965514855803672
10.97242743218101
10.967899967556967
11.905024310894994
10.964957829785968
10.964773369869771
10.965529834062009
10.965485594679084
10.966621422869823
10.967103781054618
10.967242513654702
10.966436695190932
10.96493129851208
10.965697621578828
10.97508042856341
11.894073598298265
10.966338365138519
10.969956550142488
10.96641974925128
10.976796936617578
10.965140258198073
10.968720822690411
10.96557298580423
10.965825462165704
10.96560762015199
10.971563789168076
10.992306154009704
10.96529795178481
10.971220557587037
10.971454938198143
10.973424994936599
10.96491960324341
10.98104370745133
10.964641806365071
10.970450650244642
10.967692054430307
10.968920713662973
10.965920683005216
10.964697280375999
10.965282699692604
10.96866476905531
11.908894242292444
10.971279257705088
10.973832654474283
10.96549006215028
10.967522424757464
10.96953062841554
10.965533792813524
10.967558853402002
10.977296677758916
10.971228082960756
10.970399267470718
10.967926172802644
10.974173320200796
10.965919366873408
10.966209892188616
10.976134814097186
10.966817397080657
10.967860290881347
10.965559590221527
10.966293176509996
11.913639913644335
11.899844048205246
10.966323103411764
10.966429378046396
10.977931496284217
10.97231650210431
10.9658000272011
10.9700314995528
10.967680660512084
10.965443936327794
10.966005350774953
10.967033406783464
10.966952001353324
10.965465171561517
10.967879430051086
10.965589128448022
10.966284467040229
10.964752831888983
10.96626723197161
10.968245288138407
10.965084871663032
10.965811586699157
10.971008642614278
10.965608524998826
10.978523371891118
10.96455386514442
10.964764787088365
10.96918517799724
10.966613103570602
10.964410833352984
10.970723873958795
10.970490010621173
10.967745688715938
10.969642946760185
10.968235181921475
10.974999155037445
10.96517502418781
10.96895158689497
10.974434687009406
10.978028157135324
10.970548550206914
10.96550732395501
10.965583708599938
10.967893418009977
10.972878519538998
10.965339175877602
10.965251953135839
10.97001211823106
10.967529590159964
10.967059511598887
11.887444518629607
10.971006682068943
10.967081856722029
10.96657213220028
10.964882511322863
10.965416973765384
10.97925221561212
10.968523099153199
10.965714940319108
10.973217223326701
10.98300132425755
10.982602146623984
10.969905073237243
10.973366995819726
10.964597078362655
10.97186042322518
10.965686569710282
10.976699412932664
10.96601448219593
10.966086169398382
10.968827932269695
10.966947575878592
10.965809079321716
11.890780724804204
10.969357228705679
10.965338047057076
11.893657198917516
10.969447502092567
10.968455646551456
10.969715360287251
10.966433305993089
10.966719690826288
10.966061940693553
10.966560946364831
10.966864816830038
10.969513267135968
10.96556786802171
10.973898685175767
10.967690478320383
10.966154843522228
10.965547465106384
10.97733522253341
10.966384380601262
10.964853926492417
10.969265567389701
10.967744561710266
10.969332457146596
10.967353674925128
10.964857880847672
10.965808655787372
10.982575757109288
10.966663353166638
10.968779040235951
10.967518208469935
10.966996068267973
10.96856131902848
11.910003017166268
10.967398392986986
10.96613877807122
10.97106016473189
10.964849885018577
10.969616744840957
10.96985385945594
10.964697989905476
10.967332091279028
10.96664758044436
10.964708178030843
10.966196168389148
10.971334278612115
10.966486621819918
10.967311945945603
11.89308931773619
10.965608800913046
10.967090028735132
10.965930302973542
10.972803033218891
10.967838226867912
10.965157555976681
10.96575736291843
10.967616760903827
10.965544239405595
10.975365922185727
10.968823411375256
10.965355542596674
10.96518859063771
10.96793624728727
10.966741463032774
10.96608126855618
10.965269001373823
10.967940742496664
10.970416545143662
10.967157934042923
10.969165677914289
10.970596346059232
10.972278502587807
10.964742661449225
10.9672591696916
10.965273551350995
10.96759674590492
10.965702066485063
10.967335027189062
11.91496017098938
11.885213088159121
10.98727098458984
10.96672047659377
10.971721324267167
10.965759050596844
10.969833808303433
10.966256246810332
11.888126352728722
11.887359431968207
10.968501750700288
10.96658783000066
10.971043084077843
10.966560109360998
10.968035772001693
10.966029734222886
10.965550413877226
11.885156308898605
11.925999661950534
11.882928355222086
10.966112946228128
10.971076063365894
10.965461754211555
10.969251330232801
10.969519113643534
10.96518020202307
10.967598321356348
10.966043342849911
10.96536374848268
10.964893527689338
10.965861250987425
10.96934258813382
10.965031074618077
10.96605444263615
10.965768020224592
10.968889952920897
10.965987746023101
10.969574176005482
10.973977544891019
10.966401533292089
10.96813908699434
10.966389150645352
11.885240721096576
10.96488499675361
10.966055852376142
10.987870695334385
10.970630300139778
10.968146249424775
10.968344713932595
10.966506058513842
10.966975934038231
10.973281014850617
11.88939083783183
10.966196014385469
10.967098029239272
10.976550671255218
10.964968109713144
10.966925320900717
11.884952854242066
10.968226451594342
10.967670721677989
10.970112655889777
10.96641239891385
10.964988492842442
10.969483388941203
10.967691728800238
10.964763538934736
10.965465376849274
10.966148089695135
10.966842053516135
10.966084139664046
10.965665638225973
10.96447201714645
10.96734894781208
10.965698632883113
10.967962003797478
10.965512172646978
10.970750115143176
10.968374135011913
10.965619987403183
10.966149513223622
10.968728427535353
10.965724109920282
11.8948634778617
10.964580092658744
10.964615670249698
10.967965652184597
10.967145400128704
10.96551626119262
10.966279006425061
10.96527121531949
10.972475700598185
10.967156029824306
10.968031373626872
10.974215536275308
10.968077230681876
10.966675751627534
10.96588587904876
10.965956372201592
10.965207858968654
10.965008110009688
10.96972531810626
10.968078404203283
10.96566500900559
10.968230078100412
10.964715519722553
10.9718548903783
10.9722263858784
10.966646589019737
10.96483557127274
10.966745239191804
10.98136070746543
10.965819025723862
10.969837518733442
10.965923945392028
10.971700732106289
10.968425483756251
10.973955540747127
10.965198558522705
10.968938111777504
10.965727824872518
10.968666376576648
10.964828206178613
10.96479139423181
10.965333441098087
10.967233962389589
10.980601901650244
10.966206959671476
10.997134454473848
10.969782677796267
10.965275996641205
10.965543118996335
10.966560638044827
10.967333600562608
10.970535291867831
11.88543270436213
10.965043040079351
10.966747773562133
10.967140530638718
10.965056573302345
11.888846610826464
10.965091950903513
10.968659185473179
10.965440264346013
10.966997761839863
10.965871568362417
10.970543533541273
10.964973773683283
10.967714665547401
10.965219172931265
10.966321042995705
10.970595186433357
10.966589147611456
11.884485784977773
10.965256728961918
10.969411981592431
10.965161212634436
10.965156460674232
10.967444646436629
10.964771113285876
10.967193474312706
10.96507858846526
10.965434437210316
10.969783418641384
10.970188047344665
10.965074620544717
10.966015540249948
10.966735666947814
10.980791679599879
10.96547941083965
10.966870364773927
10.986930971110825
10.967775336894285
10.965106457480895
10.971177599390895
10.964958006086274
10.97428484587266
10.979687542911222
10.969162786263398
10.97424151567436
10.975748455290473
10.967105103437653
10.968471128052425
10.966546094271134
10.970291552390693
10.967034459994016
10.968460209075037
10.9670279081792
10.988430290221336
10.970093655955498
10.969168569196961
10.965369734302241
10.967030652624846
10.965462607433697
10.96573583708493
10.967516796865258
10.97742635569973
10.9657267987131
10.982921523126633
10.965077308178095
10.967189641478758
10.990677083681959
10.9645467969628
10.965994420759955
10.96559248522842
10.964698500608133
10.96850445712141
10.966420138714318
10.968798473806682
10.964673998152039
10.965825844001227
10.965507294098188
10.964570017750733
10.966645270126058
10.964440478054902
10.9668761531583
10.964917449156765
10.9703092388527
11.897263973522767
10.96546352061878
10.964661378707351
11.894677135790683
10.976627644556212
11.908294529659534
10.96884402636018
10.96716612480288
10.966028705297832
10.965574485650219
10.974574195548922
10.967436109740529
10.967285786671123
11.892689722969603
10.968928535978641
10.968737109341067
10.977749307230292
10.967046722504088
10.968083115889478
10.96844700503816
10.96543577528287
10.968078682741313
10.970365727431918
10.972088912605122
10.966849771464599
10.968370137008343
10.965331615863343
10.968133731299925
10.964535377453714
10.966019629933216
10.966249010578915
10.964781639070173
10.966430565575445
10.965890221751984
10.98066416519323
10.966165996004417
10.971028031159804
10.96792117052686
10.967652552485927
10.969845599769593
10.972637369868162
10.966733535783806
11.916143936267279
10.965253463313768
10.975336894365403
10.965811730610476
10.965584241082128
10.966470417637309
10.966119777234216
10.96678604227395
10.964850297336092
10.968159399993551
10.96528327066218
10.966832530059005
10.964934435686066
10.96553747124749
10.966402718567501
10.965812768353983
10.966455056272236
10.964600742060169
10.965076394075382
10.96526699283845
10.965979167408433
10.97659559464224
10.966204922143346
10.965663516837257
10.968889008557698
10.965395375605224
10.966959275873396
10.967433420464697
10.975424549080241
10.969253469627823
10.964486038389335
10.978820996467027
10.965947745411132
10.97038095903855
10.973224247600193
10.965025335527386
10.96603064654702
10.971334776537374
10.967896649751134
10.97591594293359
10.967915963204321
10.966716459811677
10.964866817262171
10.9682321929997
10.966570032135177
10.97198399096214
10.970109654842512
10.985821020267231
10.96786751132833
10.968609946124012
10.96514457791163
10.971892895093864
10.966599866511286
10.966876724915018
10.966538099507938
10.964540885709233
10.978928200185928
10.96954662372454
10.965375855370063
10.966279150139531
10.965451346300592
10.965854301231648
10.964741063122526
10.9671939484418
10.977918142246242
10.96650919109495
10.978745289822346
10.965255147208815
11.88951319973302
10.967839983660925
10.968274467852726
10.965715886246498
10.967499801100974
10.968603358523012
10.966643205199379
10.965751477655935
10.978711726078865
10.965468205938688
10.965531620833088
10.974657912072463
10.967993101064703
10.966574997015549
10.964913554307772
10.9690335902441
10.974613586688868
10.982087673087417
10.966111170403964
10.96883041219968
10.982448333921958
10.969702226299113
10.9667176693952
10.965857607228523
10.965069279839573
10.965168031251386
10.96733211846556
10.966652724084412
10.968037274057314
10.968498876255191
10.965050026360068
10.968480349309004
10.967505564686578
10.96598359619938
11.893708274631232
10.967531038427596
10.968614320859325
10.966903604739722
10.96689227359472
10.974113075663682
10.965942085040357
10.970749821992637
10.969708378956573
10.96577496303694
10.969905455754319
10.966184898932042
10.967834575585652
10.96780505887469
10.970783953321828
10.969106524529458
10.965202774230391
10.965066103830988
10.965571317974316
10.980756902143849
10.965001554411236
10.983700670625138
10.971341472687023
10.971257385889146
10.971679027500683
10.966465767230014
10.970175252081892
10.965440588659101
10.965139274221855
10.9676294927337
10.967898652484353
10.965555501634347
10.965452053436685
10.965456439321061
10.970733318696444
10.96492578079047
10.981717359706046
10.970634369708613
10.966032911151913
10.965921644867784
10.967738565892605
11.920954134065074
10.968661530161294
10.966897768800429
10.969269084790712
10.965113847571242
10.969096768841998
10.96979633833107
10.964615156167035
11.88726554255387
10.965982531528347
10.966386807092437
10.969057242595904
10.966267622817897
10.975147003119801
10.967188511852159
10.971922496412338
11.890869807918133
10.967866104025044
10.986437940961052
10.965384402811075
10.966176287998396
10.974617955803883
10.984712879705393
11.893888242179914
10.971993444889456
10.965198033967656
10.965080337063934
10.965759230884641
10.967896426195972
10.965084640534867
10.965968191181018
10.968326247039805
10.965097704020517
10.966882219188639
10.964850940961192
10.96755289724862
11.89635862754785
10.969478029716596
10.967737449559694
10.97140117662097
10.966381538721553
11.888127329392347
10.971269804827639
10.969910392959564
10.966443482489275
10.964860217552424
10.96545862521141
10.971547537373516
10.966599851024128
11.884978736653474
10.965940691722679
10.964731234924821
10.969749808572574
10.964883882887628
10.970448054268841
10.967020541937105
10.970314720510094
10.965525515896308
10.964999568920309
10.967163993109082
10.966897302950727
10.967560795037913
10.966531166851212
10.968604855435107
10.970990873682416
10.965983991144507
10.979044213238407
10.965231233725792
10.974297725315918
10.973622755652887
10.984951481454914
10.966329388888106
10.968164666614552
10.966168386897502
10.96474180079042
10.97857568371157
10.965994671507781
10.972808307782977
10.965808878103255
10.975060857573737
10.966368616214803
10.965531867011398
10.965387798044098
11.887246189457683
10.964531832418905
10.965307569060382
10.965504998915941
11.891718083612739
10.967072744451322
10.97028029063385
10.965911809222721
10.967786560157297
10.988462353618202
10.964721782425226
10.985657184738768
10.969218788691869
10.967482895877474
10.97313982800205
10.967146744635533
10.972638087814104
10.965124857554533
10.965288243267311
10.96727522473487
10.981271291932018
10.970759885394056
10.965550620264292
10.980067683063066
10.970724115001731
10.973497550031519
10.9694154076773
10.965963863548676
10.968117496965267
10.966709998284346
10.968659324589037
10.967129056387181
10.966852212085954
10.968627119487403
10.964975389205927
10.968616069993702
10.979841220357443
10.96458169528337
10.96514641194437
10.967377069953054
10.972211195650507
10.966671543394995
10.965092145599371
10.969890491652423
10.967073112131597
10.965307388757486
10.965254582158252
10.976934934856192
10.98500295520154
10.971878551518875
10.967821791078013
10.984816913271326
10.968355510414542
10.969082350027948
10.964824495506269
10.981104662648235
10.964894094477527
10.965718891561817
10.966524503865134
10.964849335531156
10.967157403082258
10.965882398001195
10.967629575864985
11.885877399853575
10.96582374217152
10.965421851852728
10.968624860756595
10.98673967817396
10.96807087977793
11.895643661199701
11.893197213485738
11.90523526374309
10.964934528326554
10.965344590931394
10.965251297549488
10.9738987779052
10.981227328079814
10.96578631664208
10.975694646943401
10.97390978545761
10.970112952903524
10.96648373163404
10.965473667099413
10.974193078679281
10.967915988442472
10.966910229663704
10.966368724074306
10.968176671549504
10.968718792291183
10.97370900823582
10.965818991095084
10.978282181360157
10.970312626018428
10.965976693854094
10.96549837584136
10.964686314918609
11.884302902841812
10.9665958280722
10.967091208329972
10.965175126434522
10.971072466418214
10.96685787200547
10.978928087539861
10.974166466919417
10.965489424702502
10.968698464496189
10.96653461709256
10.966613716778376
10.964713380529089
10.967135025715761
10.967203324380357
10.965220647527351
10.965701492258766
10.971307330014724
10.972927980358445
10.964810795127729
10.967448435058841
10.96690891616431
10.964636045301216
10.967817627248893
10.965497311456192
10.966623159034091
10.96519696935576
10.966457966000425
10.965201295154055
10.968015995231651
10.964536359190204
11.886929839959645
10.971959251800834
10.964534483282455
10.964805295031937
10.967779543427346
10.972235828449579
10.979910631675605
10.965718153941074
10.964543660973147
10.9735474731248
10.967446088706458
10.964940046462594
10.966905601637615
10.96779318477592
10.966763408469195
10.973443391459309
10.96670861136669
10.968975660384627
10.96795250401361
10.964845921537849
10.964798497525694
10.967602588271205
10.966458932026036
10.969631897868158
10.970417364113354
10.965710038612125
10.965464263921167
10.96607908074869
10.965868472146727
10.973233628009233
10.96809254327946
11.893049452339088
10.966516781461792
10.965612342594426
10.979859447921951
10.971863233980766
10.966215533173783
10.965839795615201
10.966599134987376
10.965102496777337
10.975346513639769
10.965388728424138
10.966397801761321
10.965209295649347
10.965246761545144
10.965446593169425
10.968531009338122
10.968721791189429
10.964352476950719
10.96585164507073
10.965325276041563
10.965445332219277
10.967762007215274
10.980713854509874
10.967548167387857
10.969255892834191
10.96828488825847
10.965758773010291
10.973251160439007
10.964846732074102
10.966280592386132
10.967047028481902
10.96870693758228
10.969599604677057
10.970704533932507
10.970983205991265
10.967794809693284
10.966790927931756
10.967247124157835
11.889006799361148
10.968435432847961
11.892928407260069
10.96922404000073
10.966336427936803
10.965209097826074
11.003538698268127
10.967461623154852
10.981577053011923
10.972458342303078
10.969009161478228
10.969412665407283
10.970554947733632
10.973345447877968
10.971122789298079
10.964595150466376
10.977136214808342
10.9666469245018
10.965128557692312
10.96911172669763
10.966966537328178
10.965070917233968
10.965950168450535
10.965999342089972
10.967926100719966
10.969476096107083
10.966866140997418
10.965448928957853
10.965097435465882
10.965595323286667
10.967107421326293
10.965264835943591
10.965495893469011
10.964864579790849
10.966741599368406
10.968154125405608
10.967941076284228
10.965374753515375
10.972529678360354
10.971141777459142
10.96799843209185
10.969700610398746
10.967034483040477
10.967608505088553
10.968236047901145
10.97718450153205
10.974097757933906
10.966872149968966
10.969119530154696
10.97080657220167
10.974114480808915
10.96923669774032
10.968368551781994
10.965521629647643
10.96787366171869
10.99064229237106
10.966616102667018
11.887317023120344
10.965422474867903
10.968491098889965
10.973916909352823
10.968881375025193
10.968682453590763
10.965392097265418
10.977658719174405
10.965806746201725
10.973330214268557
10.966796654228082
10.966670478017088
10.965975110425042
11.888876126205433
10.96530492508962
10.966458773932786
10.968010869823576
10.966627641558443
10.966547243234368
10.965216469489393
10.966030702912448
10.968576075065542
10.968915066542818
10.972386206855662
10.966514812045244
10.965970958333955
10.966712180587148
10.96688892234207
10.969891110593398
10.969523128045067
10.968632892589284
10.98259114362619
10.967561607267898
10.96688090966185
10.973363257268723
10.968811872750026
10.965980699412793
10.968127742921574
10.967127664025426
10.96575797025055
10.967274740592698
10.964531368474512
10.965265071131109
10.965872424607328
10.966233313795861
10.97007653330023
10.972157401394124
10.968365509585265
10.972627268089209
10.972126125203932
10.96844517379662
10.967891407172118
10.965855720364914
10.969716270225865
10.964647371597831
10.973940769014469
10.967443995441476
