23.150208072408198
23.148629785135387
22.450308367920048
22.488705487542692
22.44429599226134
23.145325719256217
22.44760001443755
22.44523482892902
22.441509740513553
23.16010191263326
23.15530415660867
22.446605851535065
22.448095116083916
22.45811882724806
22.45530031823237
22.443621311931103
23.140034536498227
23.192223229837108
23.137096742508962
23.144752617218654
22.44611923499817
22.455068429582983
23.16254091371439
22.449199700046393
22.44432898027427
22.451075720832605
23.182508572978932
22.445833763886323
23.2128456385873
23.17561018097398
22.459558844853277
22.46329978662145
23.14706005400638
22.4589497523678
22.447022912544966
23.15805452223729
23.171425682673814
22.46163097899083
22.444706890291666
23.148568653301442
22.45118881629227
22.45996359267645
22.448996921536164
22.446333814305405
22.44696718050279
22.441651994127486
22.45517492586148
23.159632776100626
23.142647867727074
22.45269126575647
22.4416345797064
23.19103781961198
23.15707256046578
22.47134626565228
22.45606419747533
22.453941063391383
22.444393558072377
22.4560190861302
22.46422456704758
23.162068824894394
23.14398389009587
23.139821106105586
22.441618553845966
22.444470318993588
23.14804346788283
22.44490226226612
22.460275171441918
22.44723394839292
22.454330552395835
22.500291693861154
22.445345270019676
22.44525231398223
22.46661245416614
22.448931292951748
23.139823653577565
22.455933388881242
22.45813483308048
23.156549439161317
22.458219898664215
23.147808345729853
22.46541914240021
22.45270477561525
23.163044081654714
23.16299570494764
23.180497496224216
23.219783569113808
22.443913842597993
23.176161108679075
22.444347627166312
23.147462409830077
22.44400239838756
22.454568540761986
23.16318993185308
23.183102650843917
22.45146612583177
22.44758505860572
22.443267424090994
22.452199510344652
23.139554591304904
23.142664265145264
22.465952844076355
23.14366881849929
22.4519388641949
22.445837828511188
22.465966055245698
22.446418096179354
22.46583324215262
22.460622594833147
22.458644573591645
23.176573837283424
22.446768813585575
22.466813685298572
22.447867330525835
23.14102012282228
22.456694612648292
22.45738877583527
23.177870170295297
22.47406791467759
22.4466751058031
23.16278986676801
22.446261496981556
23.169599850688353
22.447235724371037
22.475335288464294
23.177006620332605
22.449880651708657
23.177827811066688
22.470283412171092
22.44198334994149
22.441737985069295
23.175182738681034
22.469764036564897
22.456314994737777
22.473764745439745
22.454304512331056
22.44692593083059
22.46728838870237
23.213375809324234
22.459888995804477
22.450839842725326
23.20502486745223
22.448781723136438
23.22466641405501
22.446196706036282
22.442174881201495
22.45732005123226
22.45617664985309
22.468854355979037
22.446480570856554
23.175275203816717
22.44692921227373
23.17855776140673
22.457615543196
22.46794421337294
23.192379745200384
22.461068576138636
23.16738402483949
22.46298669084198
22.44673696184878
22.443720935481164
22.446571648792617
22.455222534612307
22.442038392136308
22.464033665991295
22.45756549874208
22.444599363386565
22.44632686498119
22.45273146525162
22.446625729079596
22.447683987897147
22.44332516713902
23.146281125153518
22.451009570412076
23.17613552579201
22.449074522186457
23.157000514688058
22.46563484092973
22.44990092939698
22.459850487660827
22.441005691531057
23.166346370509864
22.448777655622116
23.178531978774966
22.44122348202924
23.14081596377299
22.44457042387612
22.46326110995992
22.447954881982522
22.475927185751654
23.155687408546616
22.465539681628503
22.449361824179178
22.444586651973996
23.186507582300692
23.176100711780606
22.446581488800586
23.146663794142395
23.176837932542945
22.445097432653764
22.44776943803822
22.45577119191791
22.450863379980433
23.154486206525622
23.19867968390126
22.45531658155735
22.455429691880237
23.164808435797912
22.461149743041812
22.446214232488533
22.449769066204823
22.451252828113766
22.46787718696482
22.4448620677535
23.18456943916395
22.44330319372341
23.142740594971553
22.451229947831685
22.487131132288287
22.466551285212883
22.44989291994334
22.449681870155217
23.18598184787869
22.46162160077503
22.441958020674384
22.442513692729896
22.462746964396228
22.461769341183217
23.156716931884056
22.46829983150538
23.18401650625639
23.169641623626205
22.44625187647217
22.445114758936764
22.441593619683573
22.44263109353677
23.157991205804407
23.175922796556332
22.45602164767542
23.170773062196805
22.45640370271175
22.453065220374974
23.201181209673468
22.448081633506266
23.171524634040765
23.15475790269099
22.4533622777267
22.44132546706339
22.455656838724437
22.456030886847948
22.464078337829104
22.445192226335585
22.44519213956475
22.464832699198343
22.44400794977291
22.483139623375912
22.447809242838638
22.452773719533493
22.453642390487097
22.457702839989114
23.164158081779014
23.147178492161025
22.4556548119991
22.46445126882035
22.443819029559613
22.459548975275098
22.445996419652168
22.440925972498352
23.149856229764257
22.461438383194178
23.169761145839402
23.176212530198168
22.478578548378692
22.461167460750357
22.450111093369298
22.45473431253867
23.179120775144053
22.450713251154212
22.452046157665283
22.451875794116347
22.447724699246166
22.443914082204216
22.469784983895387
22.450452718967178
22.44744798603284
22.448866596950126
22.45364215184554
22.45056044805979
23.1618159195771
23.169900570470087
22.45367305002658
23.16345875658654
23.2206670593958
22.446395356511857
23.16132352025049
23.18119781525025
22.443686170476703
23.156616457586303
22.467375510521492
22.461914132060823
23.13890131309433
22.450860838406566
22.4534099988977
23.174768176055668
23.138297761402264
23.142952818674964
22.448210640692867
23.172015141484266
22.44447912462776
22.444843470713703
23.18766322630422
22.460177184112617
22.440714344244657
23.242332829273803
23.187576151476065
22.4943525870675
22.467678578395518
22.46161785653407
22.463527535421285
22.48899388860158
23.171190826004526
23.2366323228094
22.46892098738866
22.453084089888453
22.481344159611343
22.46145827595221
22.45556757928767
23.19993856280856
23.177862751552052
22.448832101557844
22.442630775515685
22.448878071868673
22.446643857966933
23.164269250496176
22.442497644996152
23.176232746869598
22.45355959841195
22.457627829505547
23.163915809291268
23.15326463849645
22.454225821445316
22.493148780619485
22.450461381029385
22.446146948609005
22.455404901206514
22.460911583044336
22.458718693619502
22.451332647238004
22.44291842753634
22.445864662399707
23.1671418487855
23.23574109190445
22.452373683494216
22.458543797570435
22.461431020696974
23.203489059407225
22.457916268365697
22.451604855342158
23.145593824868886
22.445024342612957
22.480154850633216
23.150646403444036
23.15532296722053
22.44046216751876
23.171954085346236
23.14398615200568
22.44657356004086
22.461836825543216
23.16447318657662
22.446254237957948
22.4681803246594
22.445146870820636
22.44696896931735
22.460943076958788
22.468151376358673
23.183726263248882
23.21013419694939
22.456323681610012
23.20869360665118
22.4583586600573
22.449280834267604
22.46595253511942
22.453997197581128
22.449406495369477
22.44786547121069
23.21122545175415
23.162221094407297
22.461724905490044
22.4471847568861
22.448318167797485
22.447480512960684
22.443724165719072
22.45320906841699
22.44623248675508
22.44568274469512
22.462641972763013
22.45066935103187
22.4479032815021
22.449602363925578
23.139540385563667
22.442098596220173
22.449770747868182
23.146731526509406
22.486376227969018
22.454691346734737
22.45463406611258
23.147045040511312
22.44771539287085
22.44692959207786
22.45851138808934
22.443083485987202
23.19399175068337
22.44914366645069
22.452582971020366
23.156951546085864
23.15015988354979
22.442841344958964
22.448272039438507
23.164191663621992
23.141146755551837
22.440738172423657
23.169105646317735
22.446649750461
22.44922591160918
22.445303833208236
22.465726145810805
23.136630808595218
23.153546762717497
23.174005778013242
22.46497740646534
22.447287464549195
22.44505307244427
23.15160005417542
23.22591542121981
22.444159336976714
22.44991891132096
22.45438804958981
22.455889277074455
23.138577378396214
23.19780120304854
22.450564113723747
22.453169113750693
22.466660441747585
22.45033458778418
22.44121171836636
22.47543569110269
22.450119172518633
22.443970333593224
22.452040850777
22.451424074436556
22.453770394139703
22.448520818435952
22.45432417474959
22.441007077147713
22.45674777826366
23.146989052655464
22.47756535319284
23.137280308010766
23.151206394151806
22.467268761273004
22.447729667534336
22.448789275102108
22.492482841422532
23.144461968498756
22.445355045442977
23.135317207381622
22.44528281392546
22.441912136124962
23.156620415836183
22.456773888777064
23.146186396262905
22.46951894604536
22.449314195182534
22.4477282477671
22.445037253000514
23.135648141879994
22.457007620173098
22.445886015632937
22.463968976214446
22.457319094672343
23.202175791063624
22.461384848467546
23.209219154679943
22.456681486822678
23.18992932062161
23.15628669022504
22.446147705069404
23.1619003468535
23.14806503721924
23.163447109073736
22.44516112386064
23.145866178690817
23.197084897613315
23.162248410644168
22.458869686713715
22.44833925680799
22.457413269733745
22.447689287467753
23.14549395206916
23.144484756201155
22.465495623600027
23.189513831790503
22.44943974995448
22.443734137622872
22.449574593394104
23.15787397431064
22.457297313788345
22.458951337812138
22.446491548692467
23.209698490443934
22.4950073997266
22.44498488484937
22.48488407448682
22.44820340188812
23.167781186041672
22.461546236873925
23.246419074385628
23.14691397351826
23.213647592188735
23.153707542248508
22.442571922654942
22.447614454558188
22.448154115902433
22.44083042446582
22.443748540611914
22.44307186362531
22.45054760604298
23.151622821241073
23.223657158672086
22.4604313913687
22.461159803953194
22.445295952388708
22.455833348030573
22.45615842262026
22.441523066195675
22.469991548996127
22.461897217175807
23.1668222267628
23.201268187594682
23.232573532771443
22.46744928245912
22.454260002647068
22.44847641699908
22.441993091254606
22.466334582522062
23.157026850005295
23.138999685948747
22.45912348244035
22.463389587518893
23.156636286717816
22.447595454796804
22.45424686409756
22.46617118089374
22.45423056633789
23.144179330339007
22.455314719804115
22.4603016284762
23.169245125436376
22.461065503757574
22.449647824114138
23.146528604315318
22.447434515288204
22.443738291462825
22.44152719613188
22.464921207090974
23.16148224073367
22.449020321302058
22.444326567874494
22.442316946407228
22.454800945433774
23.196205604605375
22.443912894743345
22.451194754881133
22.45837566243672
22.44576345960532
22.456703309077604
22.45523209788241
22.444849579375358
22.444860053274272
23.196104346493705
22.45615642740592
22.44733081560678
23.15259683697877
22.444057043766932
23.160417768019325
23.204674565569537
23.16864799415511
22.446613205584402
22.45084862892111
23.18855911883269
22.4527133695518
22.460802443652852
22.443483857410893
22.48105419433146
22.444410552672984
22.465880232707452
22.443606449360317
22.45274781204007
22.44230286946825
22.44397824883508
22.446549750688614
22.465219447546087
23.160165017377064
23.16632211022594
22.445166497605573
23.169791010416347
23.135731103202
22.448974176580546
22.45107148982936
22.44223721833069
23.180505406845896
22.454647312884987
22.45215503249411
23.17584967290313
22.451151898349632
23.19999166723095
22.448214975417173
23.16464627564898
22.448480606738457
22.44548454098149
23.181604656353137
22.4530907299036
22.46115375997064
22.450664080520088
23.13809206965055
22.4769551560101
22.448388116666447
22.452362834470208
22.449167316251362
22.453158537330353
22.444966136705933
22.4540743445317
23.15124029960908
22.476106337395308
22.448615096968496
22.475084355201382
23.150073840967078
22.447871886539218
22.450774161608084
22.48042755746752
22.461998364222428
22.445003426299937
23.18832810158863
22.479306096785344
22.458313728424276
23.157218214100038
23.200083655152625
23.150369694654408
22.45476172597527
23.13940700562243
22.470774199929693
22.46896107240849
22.44168963334033
22.45499745388731
23.17297223443675
23.19004593642807
22.446434710490927
22.465147350782125
22.467081802827174
22.44122951193644
22.440312620488676
22.456240082910252
22.44531394593291
22.44066464018555
22.45568733985432
22.44422061169746
22.44819156122156
22.453764662907016
23.13713119063822
23.154521137607343
22.44090562775533
22.45329579434623
22.449215380415154
22.450212378756728
23.143346432699115
22.44027693595337
23.20192221407035
22.445656269231595
22.44596449650622
22.462771002227658
22.45096149710645
23.17405614217184
22.4622491630899
23.146496991529606
22.474794430980953
22.47305059653381
22.44724134633028
23.188564595707035
22.4854039079938
23.139519272904423
23.18097524299842
22.481715428208556
22.46662982290479
22.46009530178741
22.45826990699899
23.161505501475446
22.448730336617327
23.16656922531873
22.445542052766598
22.45553470767845
22.44357595794446
23.149121295047586
22.449912971711925
22.440410286242845
22.446714613581044
23.169952400317424
22.447649483974473
23.17381843344665
22.44573001385608
23.14585021262166
22.48284279153421
22.45493502988761
22.442172901863994
23.201612333664162
22.467361949005756
22.44793929646736
23.188179644120805
22.45024490699315
22.44188526742965
22.470810790527388
22.442890067511733
22.47225688467984
22.46104242482951
22.474831533650434
22.460731657994213
22.47028473256612
23.179634082037825
22.47260802405384
22.447191766730597
23.17050175348089
23.155600818972843
22.45890690955673
22.462021718293382
22.45447306305863
22.44803454000964
22.459034095505498
23.182646200663502
22.447988715982802
23.143165999685753
23.140386239963618
22.455468818700556
22.46077004535943
22.441430501018658
22.45183945152905
22.47537766176617
22.482129215732073
23.136296941172574
22.46557604562654
23.173910970291875
22.450642557878396
23.152936486227762
22.44475608110735
23.139808155963657
22.44972760127517
22.462695483087355
22.44360360306792
22.487238337110547
23.15213547314657
23.167643410671605
22.442664987614066
23.145990781520425
22.44880791392115
23.152705959451133
22.443058229948413
23.158851150869985
23.17074590951478
22.443657355617443
22.45975589284288
22.458715893815818
22.453520850194064
22.446251827013644
22.45294078829801
22.45737887118012
22.451170781942658
23.200039471080522
23.168734840565197
22.458528612642578
22.456172274332214
22.444694978618386
22.45588396399942
22.457447132930533
23.14966881289135
22.487231157806736
22.46485809927705
22.449491668117457
23.14291046557446
22.445314544278066
22.449634571921298
22.456452585663545
23.185075474006567
22.448870756472715
22.448761382291682
22.45334287902162
22.452958308137227
22.444822245106593
22.443811975965364
22.463724609894882
22.44875026666205
22.444393428245096
22.457766820863153
22.444878727268673
22.453476670974766
22.450263238345133
22.460613927697363
22.448447806299757
22.443894659097683
23.146842964129473
22.489041326344836
22.449703782758753
22.45280308285946
22.453838349136994
23.162264424483226
23.227489805491967
22.455033743668732
23.14888133139459
22.446111930863935
22.454586923441198
22.45309075497734
23.159643739780766
22.444135070895804
22.462542374216444
23.136777644941084
22.451908262199257
23.17711975018087
22.452328968948837
22.480080542893322
22.446412670032288
22.452399134721848
23.186586665500446
22.472055481946235
22.46288535126203
22.442440690859975
22.476986350006868
22.445697871514373
23.151185094532153
22.45815696146266
23.14580532881181
23.197812756743776
23.165490346793092
23.191019583916294
23.135461870784233
23.14146788182252
23.146901849216352
23.1644681544276
22.454096602075786
23.157036048718485
22.44531736909995
22.441022897787303
22.456839847330432
22.454083646956228
22.461438308233234
23.203354944934368
23.141066184223096
22.470830344401634
22.443498397866662
22.44958786400584
22.44669151304702
22.4516243666485
22.452001465272936
23.183361331864358
23.169432738072334
22.446690252652235
22.456168455506205
22.452340733295426
22.448222848494318
23.14167599885621
23.151318814618673
22.448697534235258
22.454801190431546
22.451674793126774
22.44445312604083
22.45485489768981
22.456684182796824
23.15099414066281
23.23609124834217
23.198625390293834
23.199862326956698
23.167487525012426
22.45804111718539
22.451717505508416
22.443046608549498
22.44874867022502
22.45331602751107
23.19071826218752
22.447177127254108
23.177834951607217
23.163308283015954
23.17570094154139
22.442931011175933
23.2056325630097
23.16615980284176
22.456874854421212
22.444808456974567
22.48059503317721
22.494081378942067
22.442705842116947
23.15684007823748
23.240462727184863
22.44556497452261
22.45028294773172
22.446354326071905
22.45363740185937
22.46888999324752
22.472706819709682
22.46055205946218
23.173707355552356
22.451135435984583
23.19718721672865
23.14568291739252
22.45266210680731
23.16231287564579
22.46318075392066
22.469545276570727
22.44669943956416
23.15473253538706
23.152303770184247
22.4477704646434
23.179523149679635
22.458855594598905
23.18149503835189
22.46095918624955
22.470653010360415
23.15688684997111
23.17338811449321
23.1645867632168
22.463489803654408
22.46326816837299
23.169051943892338
23.14437304002618
22.442952501693124
23.142664613861267
22.458253264890292
22.46219399603058
22.449459388581836
23.167849453053552
22.48362005674243
22.442749044163488
23.149675932303335
22.444115815007248
22.45222530936306
22.453676689886958
22.446061339964608
23.148633590017518
23.206720300854773
23.18460428623924
22.45668199614319
22.449184084305962
22.450364944816464
22.446196370675768
22.46893028849864
22.445600011154635
22.4420614392269
23.18896191243031
22.456634739582444
22.452365742279504
23.22572454032403
22.44557741182368
22.44263179799652
22.45362168401258
22.46311975935348
22.48087775971823
22.463112773566316
22.46442388145786
22.445396384007637
22.456612425530167
23.145865572893094
23.16049350039316
23.15725015569559
23.151753572379523
22.44534798164618
23.13599033060173
22.446483381085695
22.45542395290073
22.446723305850288
22.463694284380715
22.44035972473517
22.458248959606777
22.457573855636728
22.47539258157299
22.456725338958528
22.450937846742203
23.19509605989443
22.447776106472
22.446949517557073
22.440727394359566
22.453936370564488
23.14469533888371
22.45713981835258
22.4544704349773
22.466481456434003
22.461464620938617
22.44416924445018
23.140878541363577
22.45763896965962
22.4414629158981
23.152749101116548
23.152748528310198
23.17574040575287
22.442723664042838
22.44252873706751
22.444489340371057
22.44194269290513
23.145230762549527
22.450691182270965
22.46046797727036
22.452854006401832
22.449707292327663
22.451421550002237
22.48133306262803
22.442088676639862
22.453586185050952
22.46268140367992
22.449710177424024
