1872.7027663776469
1873.8061315656903
1884.266513774266
1876.9278508402638
1881.2293761501587
1882.05078118786
1874.676577386104
1876.7826103683142
1875.3127307381799
1874.0816217325264
1882.6707996560651
1884.8361027375952
1876.012198659139
1878.1123413439275
1878.9000343485347
1875.4413986887223
1874.6526307134852
1869.4482632331562
1878.9418116056484
1880.6941210020514
1878.23918249106
1885.1968022610752
1884.3408930261935
1876.5230534964592
1884.7104265430269
1875.0495334081422
1886.3099963558107
1873.8398980062987
1881.5104547899086
1873.772523364403
1876.3360941753497
1870.7023535222152
1877.5508500551514
1876.2870649373765
1876.5718177466013
1880.0186660278844
1883.0938939072125
1883.5682777894212
1879.045668898068
1879.162287579467
1872.402768487785
1880.2672966739658
1881.5051187183535
1877.342313118205
1874.6078552558472
1889.1601573490452
1878.3259393827877
1899.3420757972976
1878.9727135479395
1876.8300519032236
