1.73209816127021
1.7321950340965104
1.7323121005109599
1.7321117978834408
1.732075879948221
1.7320950031543685
1.7321968539705601
1.732451475003581
1.7322219225418767
1.732135479775195
1.7320821131127042
1.732117454626878
1.732087287334395
1.7320671464884043
1.734020505040041
1.7320906545442345
1.7320920545504626
1.7320921376588152
1.7320865399818928
1.732103598579025
1.7322368525920115
1.7329970018732084
1.7321479751078344
1.7320838032721793
1.7322771991223533
1.7320828851248808
1.7321002158658576
1.7329947607009117
1.732117198992646
1.7321358481798919
1.732114297494452
1.7323578164862576
1.7321703145128404
1.7321005146114126
1.7380920222201541
1.7320813228928127
1.7322100801195597
1.7321931826496517
1.7320866997152669
1.7321786374653767
1.7320789987764502
1.7321013981451565
1.7321032888257801
1.7320746482419804
1.7320856697964961
1.732297235610718
1.7321216817532232
1.7321052748703498
1.7322040367493297
1.73253352518838
1.732177372217755
1.7321049058919544
1.732077170894279
1.7321137848575483
1.7320846021928191
1.7320995467352476
1.73208640961556
1.7321112436979695
1.7320786176069332
1.7320849823750621
1.7320873851278265
1.7320876175329678
1.7320760044102341
1.732116537296954
1.7321950515135052
1.7321032095380582
1.732074000629055
1.732337119791544
1.732087440210476
1.7320892964085859
1.7321099468163688
1.7323103343220552
1.7321054838240981
1.7321442437070578
1.7321244779147997
1.7320809736840364
1.7321430072314117
1.7322522253397787
1.7322773601996535
1.732088351136972
1.7321030573073695
1.7321236545475318
1.7324443579764357
1.7321282642977267
1.7320813452220667
1.7321233277599097
1.7321213143899092
1.7320967239884397
1.7320698782918078
1.7320822484723286
1.7321044967353343
1.7321006888724184
1.7320638052843804
1.7330505393463325
1.7321251620916474
1.732124967619586
1.7320840864580194
1.732090183194169
1.732060808204375
1.7321554141453412
1.7331693675082795
1.7321175667940265
1.732115860650343
1.7321359239238436
1.7320779954356882
1.7320961843602798
1.732166471579394
1.7326589396480374
1.7320647047140807
1.732125248586926
1.7320983865845898
1.7321150186514256
1.7320980892657785
1.7321952544394617
1.7321430170114525
1.7320793056346315
1.7321787448583272
1.732786799291091
1.7321773985492548
1.7320580600062803
1.7320792979716964
1.7320991639974492
1.732085937633764
1.7320876988066196
1.7321270458484153
1.7321032487243557
1.7321022156217127
1.7324140298971837
1.7321082252050393
1.7321065711028538
1.7320926556862117
1.7320893267334077
1.732088223065629
1.7321700403410576
1.7321183350393996
1.7320954048348778
1.7320961262904957
1.7322098554817746
1.7320710447994592
1.732078152653916
1.7320896782915929
1.7321540477438748
1.732082753131691
1.7321127236621234
1.7322645006316828
1.7320614393104223
1.733951927570823
1.732205984843605
1.7321285165985896
1.7321018201139742
1.7325091232746608
1.73225529608907
1.7327419899768923
1.7325745277781919
1.7321034393974455
1.7321706408037896
1.732177983266214
1.7321304615992306
1.732087707795912
1.732390300086069
1.7321061169451544
1.73215809251036
1.7321403107338558
1.7321234459897092
1.7320779426329134
1.7320892735776705
1.7320983326859272
1.7321973547601897
1.73213105570548
1.732078121543703
1.732097338657101
1.7320710694209014
1.732481508294489
1.7320923859425976
1.7320760021440034
1.7320763971611117
1.7320609780011957
1.7322886379154303
1.732111192236545
1.73254811745699
1.7321243279660075
1.732341435186103
1.7320903618756085
1.7321507859321017
1.7320696744136712
1.7320674191291257
1.7320830833550966
1.732205128077569
1.7321501430291244
1.7321070306093027
1.7320841336672121
1.7321145198645822
1.732111892916631
1.732075824441114
1.7321195321207545
1.7321026854765065
1.732108070985701
1.7320684626446496
1.7321544674178395
1.7320818005333738
1.7320725923042841
1.7320827709562678
1.7321077294361884
1.7322875771512298
1.7320711336855334
1.7328582748525023
1.7331439323806337
1.732128557423343
1.7320670132239038
1.7321121794070375
1.7322389283132096
1.7322629163530796
1.7320949702190085
1.7323142772219062
1.7320909315982957
1.7320730671368414
1.7321055583993303
1.732068917441946
1.7324889012018707
1.7322170662479146
1.7320954270378657
1.735383039369376
1.733846193431932
1.732098366891964
1.7321023046658706
1.73208393648355
1.7368182344188636
1.7320683387281657
1.7321647768792778
1.7320842187184424
1.7321052817762115
1.732146633233146
1.7331451500839044
1.7320935568135807
1.7320718720974584
1.7320909593871059
1.732081873263728
1.7321641314504808
1.734523753202444
1.7321051195657335
1.734866301853554
1.7320914722407688
1.7320605458203377
1.7321886928666355
1.7321161051274037
1.7320977787300929
1.7324262410943232
1.7321671425808065
1.7320913189887666
1.7320611228992202
1.7321455060392927
1.7326249722343279
1.7346272532625608
1.732201208690059
1.7320665999932854
1.7321216500097223
1.7320866582140555
1.7320766597920283
1.7320843896404732
1.7320958767258283
1.7320826219720007
1.732116545752328
1.7320963219834145
1.732080405087261
1.7320698438023965
1.7322607207331453
1.732074829196821
1.7321084238102675
1.7320930502385856
1.7321298886191643
1.7320930212152246
1.7321070419886233
1.73217257827026
1.7320723655869072
1.7320779052843114
1.732143696738981
1.7322433394316519
1.7355323787651824
1.7321937675620573
1.7320938049449284
1.7320615412182894
1.7322390528912508
1.7320782174658715
1.732115419151683
1.7321632938933487
1.7321739226131627
1.7321348001754737
1.732082190257365
1.7320908439508096
1.7321022669050707
1.7320944485765826
1.7321071579854646
1.7321326452401715
1.7320946567880409
1.7320815670478333
1.732084045711282
1.732129074019841
1.7320990820235451
1.7320794035590912
1.732074476471536
1.7320633105321304
1.7321758986768305
1.7321155895677678
1.732093310133424
1.732086499188422
1.7321036178939169
1.7320819413302015
1.7321019304286736
1.7321321948121522
1.7320763028933723
1.732087114615073
1.7321104324663548
1.7321083703935882
1.732092603260411
1.7320829130644586
1.7332230742450505
1.7321216761543767
1.7320782124483594
1.73211313673348
1.7321439498368285
1.7321025609137608
1.7320996310101426
1.7321715514999956
1.7330838631908585
1.7321638488620643
1.7324254837704294
1.7320703865186624
1.7320736425098529
1.7320699664320833
1.7322044083634482
1.732056597433164
1.7321068223209268
1.7321342255066225
1.732301419008445
1.7321646620501807
1.732158879967807
1.7320934601762201
1.7321112568904338
1.7321098945778173
1.7320882528008077
1.7322139918477124
1.732057414225722
1.7320769378648633
1.7320601020175694
1.7322667500915432
1.732143052906388
1.7320766768729041
1.7322010221511204
1.7321382224003699
1.7320898905430955
1.732652650959784
1.7321498357086815
1.7366896582697653
1.7321463705328939
1.732086530781623
1.7320990365209352
1.7320842716425844
1.7323456414976728
1.7321864409000027
1.7321876822463413
1.7321057823101538
1.7321858327029935
1.7321140095885568
1.732095113142481
1.7323169693794918
1.7323287633929014
1.7321013584398544
1.732076940614959
1.7320723391814652
1.732207399430312
1.7320973782365903
1.732738211753389
1.7320888711329911
1.7323294602146748
1.7332185232302613
1.7321142515791779
1.7324669470598937
1.7320758608869338
1.732075964384334
1.7321584710422888
1.7320851217240374
1.7321286178341782
1.7320920758628506
1.7320835704358983
1.7320896276887017
1.7321526947345627
1.7320953052154207
1.7331677766598201
1.7321170434243343
1.7321002468960174
1.7322000492295206
1.7321218536326788
1.7320644833834
1.7321192066341315
1.7320851761388472
1.7320647752150005
1.7320987551072182
1.7320740133050379
1.7320628364814352
1.7320685369191753
1.7338929089619208
1.7320680001518607
1.732406761218186
1.7321195990432567
1.7321145371545743
1.7321025067803475
1.7320872167364854
1.732189276675053
1.732111781954874
1.7321300039531642
1.7321546046371428
1.7320745593466191
1.7321125705226055
1.7322606562824059
1.7321004879272994
1.7320684355642895
1.7331161628074554
1.732109387951314
1.732151527719367
1.7320897585332191
1.7320986858687617
1.7320767138787878
1.732089743829118
1.7321058779229244
1.7320886324857185
1.732082488120846
1.732142030303962
1.7320791813039076
1.73207035574644
1.732089521144224
1.7320771580458878
1.7320883921690027
1.7321978458794658
1.7323259422375181
1.7327291920706696
1.7321629719094478
1.732571620272374
1.7321036150427056
1.735584052627374
1.7321126942896863
1.7321094040403464
1.7321298334372162
1.7320652111884371
1.7322186229198488
1.7321035665351068
1.7320969143742677
1.7321497513152448
1.7321106787672909
1.7320679750593033
1.7320985855058482
1.732071095942687
1.7321367818524243
1.732105574836479
1.7322124488651336
1.7339193963234738
1.7324004936155588
1.7325871807573978
1.732068297409574
1.7320881789881084
1.7321018287775845
1.732124284936149
1.732264962209058
1.7320875666897249
1.7331474137159186
1.7320857659739575
1.7320733733801568
1.7320754874277327
1.7323410854698251
1.732089101688882
1.7321040814388504
1.7322474033411084
1.732085843223623
1.7322415127699993
1.7322121461339846
1.732087157818131
1.732360761359217
1.7321678174711082
1.7321210139677155
1.7320889368569823
1.7320802265839028
1.7320776807530367
1.7321771860177086
1.732075261678938
1.732060666988385
1.7320969571878768
1.7320863797250876
1.7320789516767106
1.732089515832112
1.7320626830365484
1.7321329344242007
1.7320734064483387
1.7321146757247523
1.732090227807243
1.7328318156116538
1.7321084429233347
1.732238000335023
1.7323152940380067
1.732110037490789
1.732150259712402
1.732269335744708
1.7322122387475283
1.7320984327567828
1.7320741121781726
1.732097241866689
1.732149829966402
1.7321471046565464
1.732081841108815
1.7321110032900617
1.7321151775361692
1.7320794146497536
1.7320886520437129
1.7320977170360163
1.7320947748432367
1.7321052332485034
1.732057632615027
1.732082159450266
1.7321127300180856
1.7320681078964455
1.732235934169561
1.7320927213752617
1.7320842625071462
1.7320660522496403
1.732227921826534
1.7323792599312253
1.7321158178328435
1.7321132069176102
1.732097213606481
1.7322996352238933
1.732138861135222
1.7320883970641927
1.7321621194750272
1.7327209417748417
1.7320793152733827
1.732152331439813
1.7321105509356716
1.7322126104270992
1.7320613284305288
1.7321055744926501
1.7321864676496936
1.7320976921680553
1.7321617835726117
1.7320812437658946
1.7320828637239476
1.7323609722315623
1.732083487332241
1.7320752914924364
1.735718971867922
1.7321004731713407
1.7320786333070972
1.732070583245779
1.7321350175325496
1.7320721901478229
1.7320772847243102
1.7320750114987031
1.732120311108945
1.7320941856395617
1.7321382237441505
1.7320839292154893
1.732389611347095
1.732097233005165
1.732088211354783
1.7320673682531673
1.7322692645123454
1.732833919526644
1.7320941010744504
1.7325995284130977
1.7331166095491475
1.7323559303952165
1.7320782805839512
1.7321288980587468
1.7320758536046352
1.7321069017086783
1.7323009597562011
1.7320974472807302
1.7320790848128382
1.7320847376833681
1.7321049428860682
1.733389253622836
1.732105855209907
1.7321147698205746
1.7321869032029555
1.7320685281746817
1.7381800477359723
1.7321249611505873
1.7320956451229619
1.7321323785151872
1.7320948342484905
1.7320885616527877
1.7321726317625252
1.73207785406114
1.7320775976735665
1.7320806266855584
1.732353630860217
1.732094907894906
1.7322423889693925
1.7320681615017102
1.7321066129615705
1.732225647221479
1.7321187246380698
1.7321036727201695
1.7320756389768617
1.7324089381188608
1.7320874542181866
1.7320672659778007
1.7320859882876412
1.732064726126813
1.732088182244043
1.7320728224577977
1.7321572329418715
1.7321400611474305
1.7325076554144672
1.7320904495524636
1.7322628739476196
1.7321349881451784
1.7321302724949978
1.732436861635659
1.732087342287477
1.732085294607228
1.7321483982337753
1.7320763359002873
1.7320774376348758
1.7333120034108314
1.7321100857926766
1.7320860836493255
1.7321397442232296
1.7333613618512134
1.7320738481596185
1.7320854167139437
1.732242397114618
1.7320954884521365
1.73241566018718
1.7320637571673012
1.732144012007349
1.7320990669787883
1.7320971588471483
1.732100189019543
1.7320795818649728
1.7320936184933733
1.7320849675524659
1.7320826938703968
1.7321567251489407
1.7344643375103663
1.7320828038094518
1.7321182604944991
1.732132066655542
1.732086905111417
1.732064346908805
1.7322339270195126
1.7320641227092275
1.7320618344593415
1.7321340392689044
1.732307935147051
1.732097269439347
1.7320870175623593
1.732725946241303
1.732210682641722
1.7320822223977845
1.7320866825958765
1.7322292245121655
1.7341118549521468
1.7325007016006428
1.7320910192664147
1.7320992801733774
1.7321599749162133
1.7321098805856128
1.7320842771563298
1.7321067033666628
1.7320777023305702
1.7320662231451731
1.7320958328396692
1.7320664713667973
1.7321026367061743
1.7321562413596137
1.7321042621188587
1.7321429768449903
1.732106854003752
1.7320697500639792
1.7320638769669252
1.7323748618083576
1.7320847311271113
1.7320921010976233
1.73207432890512
1.7322162143217084
1.7320797269932866
1.7320808829422805
1.7325427199992114
1.7321086294034462
1.732150311525829
1.7320603771135197
1.732097007077642
1.7321130058230345
1.7320829679173555
1.7320971854564338
1.7321050537835232
1.732102942074249
1.7322105197481954
1.7320877592202804
1.7321178734608673
1.7321318748320005
1.732106334297334
1.7320657444869343
1.732214834814028
1.7321999772683716
1.7320650860791607
1.732121375179605
1.7320977655071137
1.7321244249618166
1.732113823028841
1.732118564490806
1.7320917398321152
1.7320690786064414
1.7321726376839068
1.732087750744075
1.7321898963453708
1.7321007551215075
1.7321299513949047
1.7324003567376653
1.7320857325436951
1.734968090464439
1.732081726951151
1.7320991518692561
1.732103695923281
1.7320919284740075
1.7320998454374017
1.7320901282710275
1.7320691829647548
1.7320864867810162
1.733135461893971
1.7320669156616955
1.7355403789920083
1.7322079174198797
1.7321160877708004
1.7320913640383586
1.7320871654130514
1.7321689784246779
1.732079733748142
1.732101075003179
1.7320868368359137
1.7321769832020695
1.7320718194907527
1.7321303976971838
1.7321274097790027
1.7321098239385457
1.7323245625473065
1.7321048502897987
1.7321892576730455
1.7320988860726343
1.7324893563104933
1.732161907990803
1.732145719167311
1.732093876784289
1.7323257847095037
1.7347002482135099
1.7321210423468991
1.7320880941452694
1.7320700685849695
1.7321878110778879
1.732853907035249
1.732076665403347
1.7320854274583533
1.7320736708815687
1.7320761080841545
1.732154646706182
1.7320846191533263
1.73208249784948
1.732329645050429
1.732081714039123
1.7320868463085028
1.7321178129842996
1.7321594952576418
1.732119562443772
1.7325734165642892
1.732094227057948
1.7335889377546132
1.7323535498349116
1.732071412972701
1.7320794748039314
1.7320727025644442
1.732120658348554
1.7321114036130698
1.7321813190098725
1.7321579251463617
1.7320804961199374
1.7321060136221171
1.7321136305090212
1.7321207924807416
1.7320723466424468
1.7322613848075399
1.7321308895335663
1.7323263464431384
1.7320925360662347
1.7320812728953165
1.7321117684340017
1.7320819920429242
1.7320746088588845
1.732131259590789
1.7320693822687914
1.7324219264736338
1.732591503845954
1.7321289757712317
1.7320688665863715
1.7323148195251463
1.7321097346991308
1.7328465420337782
1.7320878855565747
1.7320854413262576
1.7320857707572652
1.7321368016779588
1.7321396657589685
1.7320737304864198
1.7320800469677673
1.7321946941876525
1.7320666325040421
1.7320850703663377
1.7320985516054663
1.732208354664892
1.7322514496930443
1.7321003038408997
1.7320965409933153
1.7321013937729033
1.7321233582078046
1.7320804683088773
1.732083845584341
1.7321004112708085
1.7320658622055034
1.7320830497987454
1.7321237194808177
1.7320974051871916
1.7320756788486353
1.7321265162032777
1.732154253993774
1.7321470674028643
1.7320952595525214
1.732289282353855
1.7320919765252936
1.7320735934742704
1.7324569732758643
1.7321251259700712
1.732112840422889
1.7322918175216682
1.7321050274504066
1.732189037576636
1.7322504428652263
1.7321033167329891
1.7323468585220079
1.7321075824740255
1.7320805340784864
1.7321161338016444
1.7320746217037213
1.7321233577188164
1.7321165660818527
1.732084920665613
1.7320704545580987
1.7321168044011226
1.7321178302978688
1.7341214198788975
1.7320686382209443
1.7320996157687323
1.7333150575060716
1.7321120403224406
1.7320593843876928
1.7321065667057756
1.7321911912397656
1.732294442319324
1.7320731691028053
1.7320865842192432
1.7320995019487944
1.732401866353035
1.7320774764430262
1.7320686067240536
1.7320907285977278
1.732117108103955
1.7320902337921895
1.7321932547382213
1.7320846605316267
1.732112645568931
1.7320748849145176
1.7321240084483829
1.7320660204004679
1.7322171296226183
1.7320777639297127
1.732115888742607
1.7320908902683645
1.7320703582778432
1.7324104730161507
1.7321918936613452
1.7320723873356054
1.732084837309844
1.7320890729984157
1.7321018537013466
1.7320860234945727
1.736141037957395
1.7320766312939213
1.732081687883236
1.732082916109969
1.7361353816025462
1.7321397128038776
1.7321207069768398
1.7321746374258935
1.7320568450027287
1.7354853033609854
1.7321072476231796
1.7323451333369704
1.7321077444103854
1.732098131027998
1.7323801412373618
1.7321260580553357
1.7325203011704604
1.732152724032456
1.7323257182778375
1.7321607960328127
1.732163577042248
1.732088439299876
1.7322262441966663
1.7320859987636776
1.7320828614622732
1.7320650295790214
1.7320904231622345
1.7322143550119877
1.7320849381011534
1.7321640054209286
1.7322464621625562
1.732397450558782
1.7321981325678983
1.7345522856311684
1.73211994107502
1.7321896931453273
1.7320809004539366
1.7320840896517324
1.7321511589853442
1.732180749475051
1.7320733295886357
1.7321434615787663
1.7321156326633216
1.7320941062838553
1.732121738536443
1.7320693120049253
1.7321256781701238
1.7320647506674702
1.732074198535463
1.7328072608254508
1.732242052110971
1.7360434081602227
1.7320826119000947
1.7322507968615777
1.7321489684563565
1.732103911672532
1.732172053929188
1.7320706929433025
1.7321692888378692
1.73208818504371
1.7321011980821561
1.7321566451469486
1.732090485156926
1.7321002233559533
1.7320736492511681
1.7320713604946203
1.732127927594723
1.7321071863370872
1.732247283899567
1.732075652568363
1.732081056894179
1.7323049384155627
1.7320888561034002
1.7321091282987267
1.732223104566851
1.7321724476020692
1.7320942359465066
1.732950716013293
1.7328309739921237
1.7321102282179273
1.73215665650333
1.7320686402861765
1.7320911613016325
1.7320849696859768
1.7320922950307551
1.7320650168562328
1.732068332518238
1.7321086828799053
1.7324197811565953
1.7320833718374316
1.7320668268056605
1.7325117357180564
1.73206672556078
1.7320888808877668
1.7320884970108912
1.7328323337490896
1.7320886007355296
1.7320775073611632
1.7322289673595974
1.7320789802524912
1.7320991148906724
1.7322075947133264
1.7321538226413438
1.7320682370769123
1.7320910281018165
1.7321918228349213
1.7320767109822892
1.7322714861683386
1.7320855913992825
1.732131524793473
1.7320895199144442
1.732072686647666
1.7320666800734728
1.7323974054915037
1.7320976525983303
1.732099790278987
1.7320768565938889
1.7320694815765778
1.732230130551256
1.7320737942676072
1.7322145287625341
