867.4280394992286
879.5924810383023
876.8406966754627
867.9077606071644
881.0559788827909
866.0634786712574
880.0332184161628
883.2089294514202
874.6773493014931
880.0254466916795
863.6697054921591
863.5923890429062
867.0816345314773
882.8984952198714
870.2253788207903
867.1786320336756
903.8893234853676
864.5393662422276
864.9078966888083
864.7838382397388
902.4720098945147
864.271780484151
868.9028356255899
872.4223057186257
866.4425322993047
879.7754208833632
896.5144853592694
874.5885280336252
874.2573422960747
916.232752276299
891.8583873582729
880.0755744633999
866.3329687291582
866.3884049623686
878.8267941934802
877.332764098306
887.7767694932222
870.8253099210572
894.8254472464309
871.1207749621283
897.4719812632187
868.648721801692
897.8581676389566
865.7910469005562
883.5710173670983
861.7359273482814
888.0241260012657
887.8190972982578
868.4898197469921
903.2099658132119
863.4743148683831
860.6592803369501
873.9691859630002
869.9155042273015
872.8553210324018
859.2272916201036
865.5324933149454
864.2720869164134
874.8660081869701
859.8695826769633
865.3304855223133
878.7041475770786
865.7783452787662
877.8258979437771
872.8702542435925
872.2686667971882
879.4368606511368
867.5699323685335
870.2987029261825
863.8945387974011
869.6665935702258
869.6211543741825
871.7509547144963
871.9955545568491
859.9074641488654
882.5507019088
892.3420188047099
880.4928826471307
863.0896879770193
873.7936292862414
869.5235256881408
877.4173251958723
863.5591561472842
872.1101767050683
892.3413853468527
889.1957184613833
863.2220009082275
872.1591988308429
864.9614024915014
876.7813511098968
879.0057594169355
895.2187984693543
898.6773285114248
872.9986783932957
873.3782165495211
881.1136815043945
890.7074744283282
872.0347726756642
896.1791247627025
869.8956142952206
913.3425052296502
867.9671134972151
891.9602061506888
881.9192395734608
866.3138348691114
865.4475163864205
869.6785399131252
864.9217944414456
870.5637055720887
879.8715880345101
885.9116778000159
876.0500149466124
882.386118916792
871.2254018393027
866.2115664080012
884.4212007055506
879.0052285675557
869.549967927027
870.5383823153479
873.9553874712941
878.4163658893569
867.105280697691
869.108744869929
864.4646983240507
875.0996242423519
902.944487889705
879.5012126892681
870.8279858804643
879.6790636111563
882.8902005980304
870.1191499801307
877.4385218179168
872.0189853710648
878.4815744288119
878.7246002107299
868.9481656161105
878.6735378749046
872.9716887101079
874.338823346927
871.2238875828525
884.6244789856624
874.4552334079244
872.6883475500686
873.7401728447118
873.0208939298591
877.534062794226
892.4622883087396
864.0267135838532
889.6727420160069
872.3244400064533
872.9584789757972
902.1970594618098
893.09279061906
864.0644518841035
884.2446119961027
863.306330422361
877.6303066530529
871.2334033371864
866.5866519477079
875.4304490305193
883.8036334715309
881.8173499406934
888.57597793953
871.6486127875058
871.3348229366999
877.6578718834915
868.4505140423585
871.0047493434598
882.3986403064557
867.7950174608962
873.4595486597057
870.4231782814915
866.7727370282802
861.9587465545635
858.4876260548733
866.2016225381258
861.2931736896561
872.6667513371486
868.9846404820049
860.9060654609449
866.1007699003719
882.188944278888
879.4153182954228
879.9337219316624
892.3380331652368
866.6643958795472
882.3298711447924
888.8716207542262
876.8052442972315
874.8453645296289
860.3842987765333
878.9828669511793
877.6886886130792
878.3906084174716
873.0264783865846
876.6435464013676
875.7844679697655
878.7687508616723
874.6938665775614
873.091973066744
885.5113359945856
885.7975629087551
866.7724659980651
865.0058745779996
895.4504542623848
864.6190503825942
873.3569738989003
865.4371332602893
877.7943715075556
865.9288506576994
874.8746035672252
879.1114643808297
862.6603038942217
895.0721511941268
866.2131284095075
866.1539597134629
876.9726599028925
903.8403058868721
876.2017715806082
872.7102016661516
874.8928140296142
876.1356140410591
871.4816164249469
872.0634642888594
873.5792183028509
862.8887014377058
876.2915537052635
865.23900880567
900.1765567125572
873.5555000248436
879.8121833860247
870.3157237999578
861.5804036990202
881.7958012975345
873.8403607269207
884.2841834794662
866.1700294083093
872.1154395487877
868.6504012967041
868.9393822590305
877.5335310814894
898.4907870721789
894.303965404926
875.1040022126136
860.0467286304315
870.3669815488098
873.0175520622773
859.5539407809688
878.2732984410885
868.6923780425122
870.8297341191808
879.4367054306763
889.3843379549569
864.4082528304975
881.2589915850575
862.8917288874793
866.8830066355497
875.3356627527556
877.7084420365682
862.956712168435
872.8976460370749
875.8406211853084
888.8229245352703
871.5752505450297
881.4552845822155
872.4622000711012
895.183471079145
865.6589262343449
861.6138711486416
874.8764338382041
867.3376262965396
866.3382889457705
882.2786446805738
896.8541081055799
882.4728627619363
876.1333770065198
869.4400910910599
884.106995025728
880.160778738404
885.1089744770144
872.0103360088041
885.5660901478076
894.0194316196662
864.8962740780665
871.6867764678739
872.0201294328517
871.9461638276401
863.1640468498862
885.3216514333037
895.5980515769055
882.010373472676
871.4767663403452
876.4518548693659
880.7078644461051
868.50415057527
872.1454508158653
865.8935337134312
900.6667816744216
895.8295755139775
865.7455325329878
866.9357895633653
888.668611514166
875.1641562785316
