2184.915823729866
2228.5136358770424
2247.5475332606543
2255.232077255394
2168.961251775417
2192.2721961756906
2141.8407480039164
2197.5344378009386
2160.649169913842
2208.233535595144
2184.7524595057534
2207.488695287163
2191.983890668578
2265.4645444511193
2212.8903594738476
2192.065036154698
2144.840227620611
2220.0083294569986
2211.3143212210207
2231.7336924276474
2289.135909192138
2274.192334162847
2172.162840645502
2164.3449663607776
2247.4853181159388
2274.224907683209
2243.0321133602265
2217.1192483671844
2177.3619683072257
2151.1679276739824
2201.2462642656774
2281.7461991035925
2193.7499771840894
2245.4130398715074
2158.1225225866287
2131.3994881308163
2218.8900278797487
2205.404560809393
2174.48719870939
2256.0401294848107
2202.652021178995
2195.232550631967
2238.0842240688776
2183.5811266928163
2217.262193697154
2161.3574321064266
2253.7973421573342
2283.5066850799417
2240.8219312100223
2232.92282910739
2247.10375299568
2231.4139030112597
2257.394934476678
2181.243039712099
2235.8021483857306
2274.7609198060104
2251.757896494539
2258.2872703905014
2149.9640870707694
2254.8457293073034
2229.705505140574
2144.671035521098
2219.1975775718806
2179.204890158181
2208.373108139748
2269.031310156204
2226.306566420531
2177.8065883053055
2213.7972473414725
2273.840667395923
2160.183587597147
2225.0688893434526
2183.1315958933073
2204.1378221378227
2184.2469393943024
2152.5345334948447
2177.051334927256
2184.9170835931286
2187.7747736738743
2260.336689753475
2166.547706742013
2215.049017506622
2223.8591992220095
2251.387746974085
2245.7374483893436
2233.399883443257
2185.0877921029364
2187.8695375434445
2271.539166927603
2204.0497617193496
2202.040525988554
2259.8147526904913
2200.8991172478463
2221.523840760357
2187.6106159165392
2210.5940409476416
2201.1160238967655
2194.258431079188
2179.8244825435518
2152.466607703266
2243.0795521715336
2189.760745772706
2308.371829249471
2237.7267920504337
2159.1577289223874
2291.948368640289
2371.4873910426563
2287.1589041508823
2212.602454338989
2187.6763131225475
2239.402494319258
2189.152109564481
2248.1406616045015
2240.1710574087288
2297.7885997633875
2163.475788460219
2200.4234316720344
2171.434807852905
2372.4578773224475
2182.78697552922
2156.07256772801
2295.098296950442
2179.06843580229
2185.05976501456
2173.742019862386
2151.4545206001526
2238.2785617896943
2195.5276506062473
2160.5348227473105
2351.184482749542
2275.8445376097657
2234.740094486467
2176.19607904935
2217.20553470006
2207.942607921689
2150.2496181364936
2243.7934038995204
2200.886567024138
2173.206497084011
2216.610850527566
2333.7697918070066
2247.9644344541684
2334.655340377451
2275.331467966584
2199.158234667203
2219.903930370181
2182.7698955096894
2228.752567407806
2178.77759229559
2246.507254511215
2179.0808048222307
2186.3048472066876
2219.80293833598
2195.56408661373
2183.693707405793
2214.647456812628
2187.685196543798
2284.3459382915
2243.9082667153993
2185.39218319244
2210.5501963857205
2149.43675483995
2224.5384735302714
2166.4999083446332
2244.163514110038
2188.280016063297
2170.2111721551787
2165.8844727829182
2225.6072121073275
2182.554594368033
2189.735567764867
2226.301876759641
2194.0022820378244
2217.2167258942322
2210.248761005341
2195.5121205811993
2187.742055505016
2265.632508427091
2219.51598242216
2237.2765318486204
2295.596735255706
2204.1945663847737
2163.316449862671
2237.2110629019808
2279.5831127739802
2214.1775278707187
2201.310790180696
2155.692168324162
2264.404041335671
2274.3927663460654
2206.2767316022787
2221.6808335545934
2247.019835948456
2223.5822290848173
2348.4025812898954
2169.8357812121094
2172.62702860044
2178.578423338735
2214.5015105797565
2252.3309882552935
2203.9288039545454
2224.930732316622
2222.579479156862
2163.713845159281
2170.1513247025346
2252.46102770483
2254.443664844466
2146.0544224476657
2194.456755173114
2327.1988807645903
2214.6601960586318
2169.8421944917122
2179.8282067913315
2162.5856985032656
2190.997643463093
2156.8051328810784
2193.2174789169303
2191.796789946662
