38.63618318832818
39.06500852196308
38.99881163925818
38.92873313952061
38.660791423046554
39.01816774068996
38.958759876278926
38.93857975765813
38.94601577941082
39.03450043438848
38.65091991285694
39.16928789516513
38.65906489643149
39.04316601531695
38.6556188130147
38.93663976054107
38.946833366582695
38.96389552861747
38.98521954566859
38.9740175519553
39.03950383911427
38.942954143961664
38.99351356741403
38.99620216168254
39.01524744557177
39.0097446656462
38.9753034006999
39.09991063311624
39.07624297938293
39.00184301592948
38.9763171675342
38.742163841616915
38.999024680915944
39.1483799850571
39.57373766754223
38.67717339757826
38.94280691970276
38.65175230029849
39.066857973805845
38.96357321503492
39.025810451130546
38.71563787885259
38.6635979666335
38.99653636908125
38.94481417763179
38.990277275243855
38.942474804162416
38.95910385351637
38.966909191257336
39.01000697200033
38.9692649844567
40.33223750610109
38.99090875803485
38.97638941490511
38.93800353189169
38.96965649257971
39.012100783133306
38.94569711448801
39.08151853257769
39.00693420174799
38.97797926344542
38.99995393195199
38.999954602030755
38.64042946221753
38.96325978331042
39.03960407020381
39.044334045938335
38.939847991105395
38.62961820342814
38.68929666372762
38.95985820306887
38.981991572479835
38.96084982708406
38.936861937474724
38.65796053434525
38.65773647501195
38.636382908161835
38.97644403341058
39.07091868160902
38.97753578088812
38.992734018908536
38.95047455947474
38.97312504598749
38.652272538658245
38.63810001476871
38.718244597239405
38.71624417418744
38.67430722051081
38.962580128193856
38.97784773741234
38.96888099493705
39.016454548314734
38.9870732762253
38.99490778913755
38.9803719809369
39.01743270946003
38.97586828417261
39.02537401159204
39.01025067160145
38.72245196618313
38.6627462663412
39.030088389433786
38.63736148459885
39.01753103023873
39.05152060953345
39.03971796878479
38.66689378228145
39.09055381773496
38.93705011790381
38.68032673729264
38.95610874869938
38.953045095377554
38.98852993553325
39.0178789700514
39.03905728491382
38.95698889838951
39.00612731619545
38.987883917856706
39.15772718603991
39.02480314805411
39.16121785917521
38.98238760655459
38.73893183739086
38.97177221011823
38.63922293862806
40.338905322688134
39.16040556746268
38.6385615657116
38.98157176667539
39.00665572534438
38.687968851989325
38.975322403835236
38.98948368770007
38.95851429391179
38.93792658960345
38.94967503904484
38.68743402620234
38.672230105029556
39.03075998371104
38.65540323517258
38.69034050284062
38.95749617961067
38.94028644349909
38.65539775645546
38.96007904775187
38.6468969918288
38.99216170618118
38.63979625374185
38.661075888815425
38.631562692466375
38.960855877064425
38.657282187438355
39.174831634078885
39.00638968628089
38.95345032181622
39.01470655643833
39.03764872537595
38.94572506188427
38.65676806155625
39.011395532215154
38.97005821825138
39.07608809234241
38.95760391484608
38.65597367177803
38.970909711575636
38.96111807483178
39.01285871690343
39.00513316223931
38.67909594587794
38.940174163160044
39.049943615125414
38.97783725900086
39.05766342514586
38.98168958017869
38.94682120231268
38.964976089137956
39.01488142042213
38.67139733588736
38.969694572580906
39.01458446249624
38.942819493852994
38.97762323663637
39.01498822328996
38.93742844724031
38.63696446999946
38.9354472379543
39.0114076660074
38.9625677100915
38.93096338967086
38.99706574155633
38.67793259872867
39.063792195709475
38.97851240532502
38.67887315591959
40.4136338008561
39.06673155406004
38.94066322333721
38.736197227381766
38.98833636703703
38.68209808784826
38.99541147013353
38.67353552271518
38.63045787989194
39.02467851386778
38.99761706591137
38.64846951823682
38.973981641223205
39.014797554406265
38.93934928111619
38.97484975757963
39.0079170743233
39.05169152056878
38.95367082934619
38.642471033220055
38.94422063082763
38.9583955456667
39.01154887477095
39.31317764033707
38.637788142324986
38.97345459593349
39.00224701548732
38.67596773175214
38.662355292993354
38.665530279984395
39.07261970503763
40.436978382423796
39.23538139886881
38.685064850841044
39.17157235753298
38.985213201856205
39.008831568934404
38.96472069923956
38.95711315474401
38.66380522201823
39.03911059372705
38.647326438217014
38.69169137027909
38.66263246378044
39.052789726340954
38.66955925861309
39.091853142165
39.082067123908175
38.99405467542442
39.033723312449055
38.99659857322129
38.957630303531126
38.931897920249135
38.65667691095023
38.97554371937394
39.12660715804938
38.676635459655344
39.009176573862035
38.64623085486145
38.9663690875846
39.10764250834287
38.94863214280732
38.96388432241335
38.948950034534136
38.685329952982386
38.939900281116024
38.96868145408755
38.67225807296696
39.008002359747415
38.98408135136769
38.952086154256996
38.97806927972336
38.98314561349097
38.642096692261134
38.642283381556865
38.998826301433866
38.96922808625888
38.65302766775182
38.97302818091652
39.0466259604561
38.99770805147164
38.65139220095445
38.665906111024746
38.95627863259906
39.144115456980025
39.05768136691157
38.959821347859716
38.94275480273212
38.96750873474447
38.9946013657778
38.971741834104925
38.66655549685916
38.99667336191763
38.64681628024691
39.084975571720456
39.09062519715278
38.968089551507134
38.95830326699036
38.642272663574275
38.92874790088252
39.019779323934934
38.97243480615614
38.953978292426335
38.954800707358466
39.01286558431055
39.04131832503116
38.940680823468746
39.10435784889816
38.66923113444861
38.97884698586177
38.997455214331815
38.64051600018975
39.04449076903214
38.973179118626064
38.95710042489696
40.38591603504836
39.00518338043639
38.986090447511984
38.98818330725152
39.13753247720966
38.96150337590159
38.93596060931356
38.65242186580899
38.9643646560266
38.972324812670244
38.64410126716175
38.99401376168854
39.07021456005461
38.66531342942029
39.012319316405474
38.98808685173381
38.981271266170005
38.63228613901169
39.02179701509857
39.040234024737785
38.96842466926803
38.951939063736084
39.0128490372153
38.94278919702508
38.94563816566738
39.12140786249296
38.99576734898047
38.952665448317404
38.988955591372154
38.9680140116062
39.04761309087004
38.9351220441466
38.9785030442106
38.687652344192294
38.69697983897393
38.96794804529699
39.02651445351643
38.963167067624454
39.004339231984076
38.645062833230725
38.989748121889775
38.64261070885818
39.13206412668463
38.989374603172976
38.96029218853045
38.70596794216954
38.9729602126969
38.64242290330189
38.67502127703998
38.953476318430745
38.668649081941325
38.97412916513339
38.93102181924165
38.99087208619459
38.96842281930128
39.08886919596607
39.046165289023605
39.06178723848726
39.06217639950054
39.01023319109757
38.970931437696706
38.94360178278721
38.63160318195241
38.985452057357676
39.03295044778428
38.99274455622414
38.96452545912993
38.66272832319607
39.07241926925688
38.99899205235454
38.99917958379326
38.936906943728445
38.68909048360881
38.99631220581358
38.64356572998258
38.939124857220975
38.639221194001095
38.96599008176553
39.011592113583795
39.043585745763295
38.65050786789879
38.99340351366356
39.01841746233982
39.078352967207024
38.98375962421348
38.679053552162266
38.68218279553742
39.0613041679565
38.933462744974946
38.995353232016846
38.94763429769749
38.96902246523434
38.95622434082002
39.01577659123303
39.04250901490112
38.96537033394281
39.0433204619226
38.94568327106312
39.07164653595475
38.97067432544777
38.65665341140274
38.97210604525039
38.95403852009794
38.94211602723216
38.98931451318587
39.08784932261518
38.95960232494712
38.943676347365454
39.09263394005681
38.632170856902846
38.95001198829103
38.64072800415722
38.96092469520418
39.07326144160891
38.66877606493378
38.98939141609211
38.68629990797642
38.99360591410835
38.985115699988704
38.98255929746863
38.985615157055804
38.94033074628426
38.94556856224132
39.039362300257245
38.67267176142922
38.94620890661439
38.936054825599456
39.02195404270653
39.106994635018246
38.692325699941314
38.667513004550166
38.69981631762284
38.98919760479011
39.00804148335469
39.01280845252794
38.97018544375494
38.69792966898752
39.0086046473055
38.93888001869301
40.43829977895969
38.99793693590569
38.95980478456033
39.124628842802174
38.98646841485301
38.99588323386206
39.1113311987564
38.97192064312327
39.05507295054431
39.02715758472066
38.63582820507953
38.97084509684351
38.63735667488789
39.15226061862603
38.95624869708454
38.983531208043836
38.96388333279666
39.05566932668479
38.654056670240585
38.93145350191676
39.03564802343822
38.97669889044502
38.69422145663013
39.00651628764978
38.6674446380315
38.97447152176908
38.67943596479815
38.6951588191268
39.02843814461342
38.95259528897395
38.95431272974876
38.64810792893459
38.97005399806116
38.65684891616312
38.94930432225012
39.00865729928192
38.68085718157681
38.928158794534475
39.05254768235364
38.98301341219271
38.98888979231549
38.982038408178155
39.07567325676013
38.676238172561256
38.67722754168933
39.0796863558327
39.00252098028077
38.987685290751386
38.687740361161275
38.98718985374374
39.047134542674705
39.03214904384746
38.999824957355166
39.05959463165231
38.949517003340475
38.663394614032285
38.97705361920622
38.93649767347111
