1303.6808937707515
1314.8254701634019
1332.1429933208594
1318.0858924720806
1332.6763228465907
1308.9400588067715
1332.2610065910694
1315.366726320843
1338.3908079382497
1314.9340366801675
1309.1962613770766
1327.39630886569
1318.1473744753196
1349.846431816354
1313.1725824581154
1309.7750626101129
1337.5950941022325
1324.7315206717442
1333.7200169325033
1306.2186601380408
1302.0681271702372
1322.2673767557133
1336.473819887393
1376.5117680239705
1335.9552411426948
1304.5288786309736
1308.6639821960869
1335.9394735263961
1319.921908064144
1349.2301006325035
1342.5021408019797
1328.186508376366
1322.9354795813058
1301.5885893807508
1326.1725180218282
1324.4880567124521
1323.1244263455737
1331.024303842968
1366.3532901417902
1315.7191293091212
1363.7768191238283
1363.7766362494447
1336.827828063153
1335.0586598218188
1317.887026989155
1316.5964065041276
1359.7949696620874
1346.6199683648188
1338.936995697231
1332.3736334784792
1308.1776671481025
1318.4466463559825
1346.9579072970378
1312.0497071623172
1348.4726360916056
1316.6648949456714
1347.4578427663644
1298.0563032104549
1346.1903829208027
1366.2802892906823
1317.2423443255138
1298.85021076989
1322.8646435624285
1329.7078863768324
1318.7770541432476
1347.387334977801
1314.864824442711
1337.5416599183754
1301.2184443430485
1305.1003634286521
1340.315051347147
1315.8509666160564
1315.4129525943074
1338.5407545196333
1332.8312912331794
1327.092909548441
1321.9596733554326
1319.6140342910667
1336.1399093738917
1317.3248102402815
1318.9264783951448
1303.4408793239338
1340.1358615935028
1308.5570060461962
1355.5284731229906
1306.3916990940868
1343.4621848381016
1314.2166608296386
1381.1433090238404
1340.9271039121702
1323.158556971189
1304.7748797061522
1310.0622384423157
1316.1967635936253
1326.9665525401444
1321.7209266026962
1297.5426238092928
1306.418400520397
1356.494406236515
1302.7084086698483
1308.2612034024844
1301.7612499055099
1328.0670214014685
1329.0952828680918
1305.1720954996342
1356.3567943203536
1335.3319486398902
1319.5494556549465
1338.4022183001002
1383.151469602522
1338.022809290477
1302.5079668092628
1302.6396603073167
1320.7717176431852
1335.9859145896296
1324.2454491030373
1331.6936985274708
1322.3112340576947
1326.0891885016595
1311.625953408579
1320.1713667313322
1341.8134260528786
1295.5123725794247
1308.1905614689642
1342.4403920384746
1303.5395541650028
1326.4320069386733
1337.9873747347042
1329.7411478490117
1331.725309939051
1359.2080668081885
1322.8417047593678
1326.573861173947
1327.0627223068095
1342.84393011932
1313.125316379036
1313.4059044504127
1380.5588083387747
1339.2627835735855
1316.1453918958905
1305.8747052718663
1315.2388221114957
1329.4374161972296
1376.7478038855159
1330.8737164439622
1333.5878223211841
1338.8106907087963
1335.6028482919546
1308.1152648551154
1337.656273702536
1323.4697147249701
1327.807755127513
1308.4012545273579
1375.6855788962696
1368.0209314598521
1344.410121043042
1370.5285772509858
1315.5979500718406
1325.2745784735994
1403.8780868616127
1354.350023822708
1328.382355552362
1330.8112760699626
1331.8453974362758
1324.198332871666
1320.407240636153
1344.3746563874508
1319.8522086047935
1317.1001823923773
1335.3828652888383
1325.6586183535921
1321.4638702429027
1346.4614552483763
1296.13604580691
1296.2902337240203
1343.854998548305
1326.8269387571122
1318.820379024072
1335.3639336503738
1316.6507778809087
1295.9657406682202
1314.2889866195633
1319.749082031659
1326.9336393982912
1309.7546559652865
1320.8741089083464
1335.485484652782
1324.8820159610182
1330.5417684692293
1304.33858878108
1332.6488369974713
1310.4515238966085
1311.7462222003821
1372.2266910404276
1320.450215714039
1330.8525892227074
1353.699307436594
1336.3775868617574
1348.9774967181972
1326.4115325269067
1354.3791988724856
1309.460455355944
1301.1668585100956
1321.3029696964536
1323.7653200161722
1317.418202003207
1298.8369270179662
1321.9979896221082
1344.1448210674316
1337.984411322478
1333.5411166814836
1307.2392429346512
1317.8365218515492
1314.1665948853263
1310.5635144915802
1323.9844673946425
1338.3352211018787
1312.1040494215113
1312.340561969516
1322.7793443507935
1328.394041709604
1335.7521094175574
1332.4169673719314
1361.4695221377874
1310.44948358911
1319.7558922515361
1314.4015775473724
1326.1648338163634
1308.9168353391544
1330.6430866611424
1353.8166539219408
1376.1304507774532
1319.7202014900342
1327.2903013500395
1328.7360781542407
1362.762027078583
1319.3722990076737
1312.6774187262602
1337.5448170862778
1321.8033094715458
1315.6382643658392
1314.4659719190324
1324.6338092173874
1304.3709893164132
1307.4096560860614
1395.2183766290652
1361.7291033366944
1324.8818328317168
1348.259739901431
1348.6353221176475
1316.4225366876803
1325.362654405549
1336.02170386943
1358.2588181532333
1340.0078773761009
1302.509331669133
1308.6595463035976
1317.1075305207316
1320.1619013495404
1324.7041438472575
1333.531885443752
1331.9517849239055
1339.6913592769274
1309.330645012414
1311.2549488511802
1342.248416224669
1308.7003660550579
1347.7682386251597
1329.025952008172
1314.7971364167217
1302.5157405027437
1318.0259372725418
1316.831832076243
1342.7777173626077
1303.7784318366957
1337.2736210443195
1317.32937503456
1330.4144725808248
1325.5014842727269
1325.1068593519326
1344.4564251567992
1317.657300575271
1333.7192707401025
1345.4430675646086
1324.1193512721263
1337.3593924040754
1321.6669367794298
1346.2988762237273
1290.3386329540115
1316.4651327532358
1373.278699413741
1346.5495095857566
1319.0852667368215
1373.5424620803124
1304.5344164530002
1324.3013137431983
1318.8446299039883
1295.6459080294385
1307.839080220142
1359.5080818320823
1320.614721311125
1319.7082095868413
1315.2790234977765
