736.6790753580692
729.4479829314834
737.0149414211153
731.1083217066788
731.1444480193292
727.613910491293
724.7283112640523
724.0062821436735
731.9266671578694
737.615314717147
730.0002433274296
731.8408779566698
730.4694550020573
730.1287177461454
729.6358362756774
736.5415351797395
731.9447857866302
734.8909212065863
728.6998554646416
735.6187783879063
744.1275447809137
730.2985209530084
742.2759868619323
748.0411068947802
733.9171993989324
731.4430584560981
733.8912293363933
726.5173118458781
729.7329353050342
724.529701692641
735.1057697076993
726.3091019390599
727.2336686284857
727.5686511100124
729.3490992360223
724.1143600748466
734.0386902615999
731.716916038533
744.9727988186725
742.3778622333838
741.1830095011082
729.7178787645283
740.1006170205679
735.969030916291
751.938328805897
732.1880719560618
730.2356226119017
734.7958109582665
731.2598026341713
727.2167192594593
725.5583560475864
736.7707669980113
726.6045948380521
735.2242273964871
732.0948168304967
740.4228517480136
739.9323056738241
722.7510315450915
733.2525033854862
730.657594400735
741.3313278548361
730.270015810457
730.0163712798496
725.4571992144805
734.2319734628766
723.8185289431659
721.2769411414642
727.6238942709855
737.137914803756
730.2782342010228
738.1771787949567
739.7661748554899
739.9291545461083
728.227918603878
738.550677108423
722.3788845502157
742.196005135587
728.8613873477152
727.102993256754
744.8357271151713
734.7484496194862
730.0162201415533
725.0614945868317
740.9679765994414
740.899183599086
728.001289247282
733.6762401350269
728.3069135824624
742.4597519488988
733.8388268398078
736.4026244495545
737.6333701506746
727.5724848691201
734.7898944950371
738.7893497848742
732.7739277237683
722.8394384973694
733.4507859623908
730.8142419499358
728.1812044214412
742.9147039582264
741.6846521690225
725.7274535839213
733.8064707569756
735.7347737948916
728.6230179737853
738.8151032815513
730.7458151650281
729.8882392581903
731.7775461026105
731.9538784258665
730.8203368574005
733.3279200050561
729.7420686196084
734.2067394258224
734.9477723588658
741.2460591196216
730.2719464681019
728.0543510450659
745.4916553862971
736.3150739386843
739.1896975701937
728.9491497043214
726.0183367648375
727.2276285785834
730.042782618361
741.2366215476786
737.4289104074315
725.2351362941218
738.195918574698
750.5609245615948
723.8506546503556
735.5242069004692
728.4959802305873
736.2729465835098
730.1967303307212
728.0891351476606
733.0548463713807
729.8207134008304
744.2961875183511
742.2691671609089
729.5474719406193
723.2499924162064
731.3621301579825
733.8400152371808
733.0914603746633
724.12520829112
731.0689399995216
742.5173892715599
726.2259861549227
726.2967090227123
736.133053635108
743.0660860845047
741.6066162590636
722.8247016737351
735.8957481241517
729.3646282261383
723.643750134464
750.211374384216
718.1667847596758
724.7437369904908
732.5478547244448
724.3008550861836
737.159571097665
737.1130084474462
738.8259819313873
724.243578879673
731.6928594933863
722.3992347730259
730.9097877195849
731.1279686532332
733.3802016912072
745.7560807752416
721.5656040083481
744.5164077360357
722.108304792205
744.2196662665671
722.983797120671
746.645558722253
727.7060804402454
731.1951639689529
725.3884025388562
736.6656890201369
726.301361351767
731.5360690760281
728.3050091473696
730.7642715277907
741.9978071048412
743.1335008101521
736.8446211856021
730.1448027701701
728.1271556365324
722.4090366382695
731.7058743772866
726.9253513417397
722.0622344737434
740.6582299747249
731.5114412881094
732.1886664850455
733.9142201841383
729.3634113758385
731.9714194772847
727.415260161421
725.4150006969857
723.3216919398077
733.8653982667381
734.0484129294241
746.4270086780379
730.0193820283163
729.1486654423028
735.8828022323735
741.1119555965292
725.8980842260256
736.498782825618
726.562390000672
727.9199620811869
743.6212679960383
729.2154259597904
734.5214418995464
744.3526582411167
735.9539340811732
730.2087900604403
738.7501289508663
731.9826075564359
728.2273513409011
744.3573058485407
734.892571503485
738.2109338820572
727.2436485406877
724.9504957580394
747.37029320503
728.4223971839701
727.7550535700794
727.6495023217975
733.9415925052085
738.323328309192
730.4068444948963
724.4383738706973
750.5600029468059
730.8278166833186
725.7306116549553
728.1016531039362
732.5134827019282
736.0839069402753
727.2693633395759
733.7085298018667
727.2259201659967
727.57596734531
722.8832102845162
726.8459107674759
741.0317937818908
744.665965897955
725.0435458094862
741.289338283381
736.4664159417492
727.0593640490395
727.9106115320702
733.7945505129932
735.8932478073084
735.2810887698341
732.0090158753592
735.85387071317
736.1530941924756
729.8542541028643
734.41792767563
740.3862565130953
723.730032978043
728.8527309908577
726.9545301262848
729.7475816402538
749.0364725017064
739.210755865858
720.0130097301765
734.819936022978
737.9627439039266
735.110819540986
726.2239331298799
734.9588415036521
732.3096020921781
746.3601423809031
725.8785429711959
730.535251547169
724.7139308114029
723.8351373009236
731.7505855284916
727.5254061664813
728.9825263230074
729.6929974147589
729.4635129327739
726.5725848150428
739.2058994682172
734.34883563607
732.2270821827182
737.2632971300923
723.9409978141604
732.4331882427988
735.5154420550111
729.6921931906714
724.1841983267506
738.4707145484273
731.2965012846482
727.2426676841201
725.7868294469001
