647.205100515329
644.6116184414951
647.1105854224119
645.335415561128
643.5548885668658
638.7405299509355
643.0022436679893
642.4985897006917
650.917608539503
644.4446476473269
644.2626590276855
642.7072851493328
646.2808245022438
642.5064134964331
649.671620445724
650.1192597392585
658.3996936161236
638.5219769114059
642.819725299554
639.9274800965528
645.554338050667
644.4464776432625
647.0787590347732
637.7316186510111
643.9159325232406
649.3580085722159
638.0928646598534
640.6820621324064
644.2044810544871
642.7994400215217
649.264696772645
642.8018117621634
650.0595257459514
644.8246659747936
641.7672861302661
644.7432127696482
645.3730724351398
652.2690282645559
638.9435044489564
638.1685845875807
644.410564008105
638.512977890188
638.1883199488765
640.6498382421559
640.512417984187
647.5650252603685
647.7452657426953
641.2980679752399
640.6871671938632
648.9817689326593
656.1463680533669
643.5367247560198
651.7121047669024
643.7750494948228
638.694034767871
640.2129187543886
647.6564725794273
653.8926597212227
641.6718998038027
638.7230764934932
635.1515035158047
643.2553609700591
652.5430435392019
642.3104087710424
646.5799847954974
650.166540781696
643.7481277069816
645.9614989046414
643.2632171357213
644.9645327028918
645.7873039408182
642.7836334951947
644.6360709938807
645.1306419293834
646.1026507999533
638.7982053901809
645.2138371338903
638.7449509209711
643.8434369055404
640.4602991891345
657.388636563086
645.0663382733865
639.2138150205888
642.0986958438533
645.1286368177194
643.8312696391833
650.8196664003859
650.9297101758007
638.6645608118406
639.9094484801457
649.3875263967926
640.6067089522595
647.025371208398
638.4836607320834
643.2382613518886
639.8492213138163
637.774045243843
642.0694246512754
642.2057286615218
636.3784127598559
640.4948314333498
647.5337882262853
637.0179628138691
638.368792605082
647.9511187705982
644.1262460054645
643.6002051798644
643.6460969661492
638.4474011808414
638.4243077983602
638.9216578975244
645.9417037207406
645.41784279156
651.5668009020466
643.8461927388277
639.9230361246761
642.5208954353953
664.1412465196229
646.2193553077042
641.5838931901299
635.0622653894823
646.7558869610109
644.156995688495
650.8919293418924
635.1574502217786
641.0677925883949
647.3438245756187
657.6502601340952
640.4709275377152
649.0300775186707
651.3943758701017
646.6498194689959
636.4818179796978
642.4033837939069
649.7065367421104
641.3748790258189
642.7876775333642
642.768348268071
638.9631386753141
638.0585899023407
649.6704580111513
640.4033382996043
640.3513683395746
643.8831039168549
645.2223161031031
660.1145163564994
660.7603451219264
646.928169181641
638.7768692461173
646.7896466338203
655.0355137548247
641.4503568236586
638.2577118369076
651.567109110697
636.7671234205391
641.1201085190713
646.8450086191754
642.5896286124129
639.4587335119357
636.0610118600424
642.3934372553782
643.3092484970718
642.9374432419092
661.5613139156302
651.2001883824774
633.7585460742978
640.1130485406694
642.3658898121666
635.2825826594355
639.0812617566721
641.0708213192692
641.5175941710271
650.3661420437053
645.0007117050645
644.994275219951
638.1682170164142
642.7495872336303
636.5519874587876
649.011734295601
649.732126902336
639.3594321980783
649.9776895831671
639.6812896745323
642.0316437824115
641.5829538179507
638.8082158806309
645.4556279084368
638.3008128138088
639.5329007660833
648.0038131144433
642.5323107553064
649.8592988445654
644.0854846021309
651.3737820301034
649.9821269084299
645.3230879697247
638.6767394776119
637.3937448558014
640.1079271774804
646.2857591179968
651.3590325266229
639.4277248879071
640.1060820794022
638.6379378566994
650.2014460586655
644.468298407165
640.9456181830619
642.7867075280108
637.2332624070547
644.125384090531
652.2191225183569
638.3261119479956
643.9508271304194
648.1425966292504
640.1860411403021
649.8473120984123
639.632057814116
637.3573460453681
648.1255185234958
638.0381792774923
642.3944409403247
645.5882587902101
640.6901789420297
635.6064635620689
646.5598092795968
637.3616255501553
641.0405856505656
647.454648017684
642.5726234458209
640.8841862549306
640.294846033312
639.620414396523
638.2787217881059
639.4604254324117
645.552245401492
637.4938527013404
644.9396255597615
641.9998956395098
640.3848310042054
636.9711293908183
641.005980745414
641.0828306764889
643.4980352936559
641.6368483074526
640.8376421168387
653.5015563775762
649.0892083116202
647.5296807235284
648.7178123680417
637.1924859988336
637.6973722025524
660.4349551673189
642.6837632358894
641.5363709666096
640.9754209918916
649.8955325973648
642.9310338169345
638.9055957369214
639.1231141976053
640.8339694473988
642.9063908962557
644.01001140736
639.2574300583265
650.600251589141
641.3971398603347
640.41360478597
649.6426749651295
650.5262253502295
639.7901313756989
638.3754445156615
645.4203096125498
644.9927224277324
646.8741027878236
643.5698665057391
647.7306260250402
640.9542991860433
640.123248263247
641.2062529426491
649.2974053857309
648.4552253696069
643.1221634663436
639.0236009990595
646.1388483185013
653.2560772562966
642.2689363321367
643.3816612513876
637.0667880895127
644.9755810616173
643.0518709732396
647.9219832666893
640.3760387778627
652.3826393042528
639.2205308863487
641.2587631170777
640.6318419973762
638.0235763406346
640.0899276053125
657.8813335825649
639.8351796651122
641.4909235221955
644.1193803701404
645.4289282934349
638.8132217105883
