483.2647927496687
484.81891800385984
483.2268505802771
481.3673580201862
485.5448625716733
484.8062625220598
495.4237897732206
483.5294999610775
486.088241115212
487.29173629108595
483.52576377377665
492.8495950988856
491.32164710226925
481.98968673088035
490.88106712505737
486.5947638482493
484.03528913695754
484.33168560834827
498.00180697133555
487.0220760765852
492.2679658524402
485.30706819310916
484.4208251931605
485.88456727747734
488.26413397984743
482.19873445716604
483.9956248322127
483.1066993299922
486.00110116089127
487.0251551989647
490.9569593396349
484.54014984993665
483.85494546319836
487.9917217231435
485.39578119297806
486.32531105960135
490.00784866010196
490.42876467629213
489.46840866610455
486.9974711740376
486.8915039202197
491.7062522517908
485.49150586582357
486.7409844137141
487.320947379102
482.75449007690025
486.61091628007256
485.8328520300724
496.5218467518496
489.28638393128784
481.57964026357075
487.6338758653989
489.00219985300504
481.7417637777171
485.5635840924066
490.4221442178421
484.7044272176525
485.8575903018198
487.38056865795596
486.6465769708935
485.4841341531707
483.141055055602
491.12621927840337
483.6742891756329
486.0931319319421
484.52922979278827
489.30865749552856
486.0817552315771
485.0183043174782
484.9699893423592
488.41402949185624
489.88801684820345
487.00615371123143
488.5659513271405
486.0315053386527
489.92573026479977
489.3477058003424
486.6786840161597
483.55710951564913
486.8208214457459
493.08536240129956
485.53245528696687
496.039661766276
487.3898702922025
488.6449207207236
483.9506371273768
489.1313980561209
487.9352219686429
485.07182316500945
486.5745690635929
494.3461682885353
489.52602797198375
487.26296849448954
488.1854508257442
486.76057838407917
487.50295693659325
485.57112551573283
487.22965184689184
487.44372083657817
486.02491463296474
488.89958198767175
484.4787408160218
481.8313398942835
489.9517344170457
485.4124638535151
483.8602241538294
487.4634734115644
483.5218612502355
494.4049600484229
491.0617294464479
485.45246127732094
485.7146628473628
488.56566218705825
485.64053447257197
487.53282263983374
487.4817141800031
489.2601494615928
493.59425482527627
487.354508502708
487.6594637680235
483.21615090247826
484.9671513632513
485.09490120206027
484.89423846943873
492.47452434953937
483.63963336614506
488.4548135546547
484.69231389524646
486.55853044485076
485.42449806060756
485.2864038593216
487.34103313373794
488.0889730088583
486.9463473937201
489.38150242661794
492.32080745964845
486.85978606574184
490.7356062679708
484.6342276515815
481.8845132780058
483.8622818720946
489.57942910399953
483.6068714119723
485.7641106448027
486.9659809782079
484.55161283098073
486.0671018138524
488.8381614498074
489.0396022637721
487.562952418808
486.21382296541526
491.2677370489362
489.50529047038503
483.44043816698166
488.0191804501288
487.7798951618988
485.50759390800874
486.7076028821562
483.23266897629816
484.62654559681084
488.37715746448754
496.0766814749766
483.21817577463577
483.11957277941735
488.8679138307818
485.08434214251844
485.918775035638
483.96239594766723
483.24460637927325
485.40659962659663
485.6419183594472
485.2037243244884
485.83442372592884
484.13213271035386
488.8122180481291
483.5843560744017
491.91146458494467
487.72429514450585
488.0440596011784
485.83970515803117
484.02175170937215
492.86225757473954
489.8803047650403
484.79126242919784
485.28507436902413
492.21177981182143
485.61122641367774
485.8402050271036
487.9797340449156
483.7944632038846
486.75489668146804
494.06354870154604
487.002687568989
486.41840558605475
483.6493479277799
485.87040614707007
491.2830554386854
488.33578604658805
485.5765368230003
485.4550240963665
487.15407851398345
483.490484030135
487.728406222786
488.2623789422566
482.387876959892
488.3944660406174
486.59017059425565
494.0495414009381
486.1929818638338
484.91569815367967
488.29440051964593
490.3809552557528
484.5437821258436
484.3969761002816
491.8023308715459
485.8613680371788
483.69990064625836
483.6581311084743
484.4108315362428
488.03189234280694
488.02968980635643
485.7771331731143
485.30341492303717
484.01043186917553
485.14033683381336
485.0112821401531
480.75927558247906
485.2891785959568
483.7936669987611
490.9657478674366
483.8151406830061
487.2161744166611
483.5972993143137
488.0068519972327
485.6714055403245
487.6935728974304
486.21016616384907
486.0036276098269
493.0505932393264
488.1234314404344
485.1932443674369
486.97422530886104
486.8460586884414
491.50988816983994
482.708592984905
487.91189248186646
485.0325783620157
485.79574395933315
491.3784763823632
486.4033077453845
486.2373607405893
488.9076806454605
484.238218158194
489.1254550087043
489.0978297585522
488.075332875989
484.58289286117486
486.60788549912655
488.05704243620863
491.1750954897653
500.85324316139486
483.2162788561677
485.75120492136267
492.2497475522533
486.66057575084574
487.25571375257147
485.5558674068758
487.4819259874134
487.3371813834236
483.4395533897814
484.93011696658175
490.6752235780418
485.3132826028778
493.6564947361005
488.05104378870135
489.14625719279144
485.64652616181684
484.36827831281823
485.03118078902156
488.3853915515835
485.6812886084842
486.1961597131874
489.80260908794935
481.77673631666204
484.2830013685243
488.65622429652797
483.8675373493459
490.79315995745293
491.05872580254
482.9147193706419
487.5914223106203
484.9250626787872
487.28358206994284
491.1373329504678
486.28050291292374
484.6678546582028
485.8930043012723
486.65713958722955
484.08746844624886
481.1504173257737
484.88156106191445
486.0328451116692
486.618823160021
485.9024341885905
482.60734802472734
483.2800059887081
486.5943513396557
488.2075519785167
482.19137944162713
486.6336517235411
489.7966048512369
488.54616381473926
491.51147249652854
485.62325997701333
484.3158412175106
484.99089418221934
488.9038577508561
482.73774202532195
488.1283222864003
482.8490371757404
490.15601415899283
490.6942704145334
493.1815697020932
485.6428657092937
490.9638932765832
485.6088098424122
484.7181545028604
482.6454756682389
486.64663078798816
494.0784089800639
487.5252242041578
486.31852936868836
490.1115061498766
484.7415003431039
486.1491764206323
485.707874184855
481.85141123474557
485.8461763243671
485.4995028578081
484.693825315549
481.98729134896956
487.8508523823266
486.37361688532417
484.13381948495135
486.0141904502952
487.22566509058004
493.96105372757296
488.2450019455207
487.44250949930864
486.92127827093645
485.90322196906385
493.0909416709832
484.8867252070943
489.860962239376
486.0958205657576
485.03259103118916
487.651766869681
488.3512247452362
488.7969831951374
486.02602364168473
494.0855246713628
487.1271383738922
488.4344992617534
489.7928234305393
491.2337306466684
487.22590706670815
484.7166736678311
490.4590344106822
486.3187278792956
482.67358952816886
488.76961912414475
485.7118358877876
487.86595098730373
492.61674747016355
488.152093101923
484.2114608106978
486.70884518060024
488.8427372737337
486.3249019374712
488.2016416551328
488.9049220198468
487.88171113063294
491.36918877854947
483.9980274368339
484.1604317934539
481.413761013016
484.670918188829
487.3873087650886
486.0152997533513
491.0358164548838
483.9692958235258
488.87093465625463
486.1220833523531
490.2529196891298
487.19649666386266
483.86905707292186
485.9440275400224
486.9245349301529
482.75049112317447
485.94255177163706
485.12594796928215
485.60467781166005
481.8513566565059
483.398150120107
487.9946069898665
489.68504234352
489.82638293531943
483.46074303538495
484.45730148016713
489.6039508066717
485.07073708628326
488.71505694550876
497.15597625176036
485.78796224193974
489.646285214921
483.852972802937
487.4719950078161
488.24679435466163
481.9841919764417
492.1058471618514
489.14266094738406
487.0538534842906
483.7197889207803
488.0957253257993
482.155255595424
482.3652282544686
496.5873162846419
488.87846219782875
489.8679538279506
490.83308957928705
493.2615548311637
486.92162119088397
490.82531330374223
486.95418694493526
486.50343106493796
485.2933063768986
493.37190554653296
484.9601475730149
488.30818150295624
487.2769909282874
487.4751604399332
483.8314263503505
486.4736166001405
488.56138451972026
486.4459568378239
485.48907432910096
488.4651458022932
485.52756117933706
485.78597892657905
480.8087406651369
488.7223665496372
488.5452579582619
486.8664220347393
491.33020602252293
486.450696146976
489.7020837904114
488.62433069008074
488.70479625102803
483.3098955704666
485.0658980312969
486.7614338251392
484.53642908736356
492.7610866981242
492.09121501774376
487.78741895291125
483.0196341414323
491.3298839495025
487.9832013044905
485.1146531738626
490.730044869955
487.30444776615394
485.3880818394464
484.9485210653373
488.88560372608765
489.51268769417675
490.9769187023988
482.41694152330496
490.69761086829527
483.66753083029454
482.85625293306265
489.2136495754555
485.10633068203737
489.452189884032
482.59454963868075
481.48642435753146
488.1890160292058
486.2184891046763
488.18262218238294
486.77412019280655
481.6070697982948
489.0411448637712
481.3148634553963
483.12362494884036
488.67951892338954
492.52022889180364
490.3680242780149
491.88584793450065
493.0335828134267
486.51408635232934
483.64325699416
486.93501510455866
485.2544966609105
490.2415417367289
487.2420904265203
483.73644517392603
491.20433560879957
488.7800281587732
485.41672419219736
481.1985020503833
485.4227675991344
483.89569348821396
485.4394201257145
487.73679087106717
484.5891422706074
487.7718314374354
485.9467242503936
487.41873658716224
483.3822226370134
485.16430887543817
488.34258660987365
489.20080996122977
482.7329748213923
484.1331800670903
486.4185337047432
483.8953486427231
486.6775978073219
483.5382525379645
485.7977742240774
488.86463575764407
489.6378824611049
486.557802718175
486.67568048300717
486.78896470193166
483.16220124881244
484.1721422180594
487.4990605642892
487.8678075215639
490.7926471176748
487.2310040606854
488.7683264490066
492.8620182560219
485.8287547176092
489.34403457569977
483.37332522779866
487.5491431612944
496.3369562912854
484.59505802475826
484.0814410668241
484.0034807349703
490.35433520139634
490.5565393954691
486.9521261212432
487.56867290765763
488.36083838732446
483.7545557040481
489.00687694915433
486.40544835435196
486.13400206861996
491.4310038802131
482.86779842617545
490.01876498166405
484.17650549657424
487.1443774380045
487.90084626780714
487.51958760462094
489.2674208871444
482.8817279388651
489.4509287929139
486.9316286706616
483.90010385805766
485.85073200014335
489.6101621824097
487.115749100379
485.6506605457822
485.8100792161932
485.7249071994434
488.43009712097
486.0637419543019
487.44598904342115
486.65210457491645
483.685086922187
486.48294135306537
485.5259503546976
490.2730245574983
485.0699328747843
490.6078559984219
485.35481911867504
481.9889433433867
488.2580795758969
483.4951829133774
488.46058153593003
484.8923975186326
485.181154176558
485.30816339432266
481.796115954742
486.3473061555671
491.06241114315156
485.4198853360966
488.3711277769199
489.39702400880986
484.5038498070043
481.99917045677705
482.5482590036364
481.23070845068935
485.88979439641525
492.2261313997055
485.9169214076377
485.3517431929224
484.17051237455496
493.7099815375939
491.5327925160498
485.32463868427334
486.43049858336013
486.5333107345776
488.4425083555755
489.1955621959654
483.74841009406106
484.24924031807285
485.70782458195794
483.1257258710244
489.7805593243513
486.68560478940896
484.91432074752106
489.04537887399357
488.7780587287748
491.38965795988054
484.2493590500078
482.64205248306416
484.7626394977821
481.973926493139
484.11032836616414
486.84926452125865
486.9473679235174
485.9691699506397
487.0159439768881
488.14839439638394
482.6992412893918
485.5005001067165
484.2943127313782
485.18802252378043
486.2343156885941
485.08114864526436
483.2254705485391
488.23006937910134
484.4549999016354
484.15459900859844
486.75770500212997
487.7956780249967
488.290186660654
490.47747514096557
485.8160384708826
485.74900540393395
485.5038965323453
481.80257193522567
492.11525649404695
487.9724730943642
484.23751139972387
491.5412853273348
489.70098239385345
486.92732856550106
485.29017798778057
491.3231257260714
489.1622862116859
482.83343323139076
483.9744993238775
487.93855477289316
486.81452786591694
489.3907154022448
481.1456794404091
486.81090844485067
482.6105234547286
492.734837935139
483.9549669185466
485.7163004027844
488.48059764774166
486.3815941560922
484.6121516702951
486.0798307507313
483.953530240639
486.30205777715395
482.31529226056665
486.82472294516424
486.9485508543358
494.4866316460666
482.93408102487615
484.22513816221766
483.4396184724411
494.9478815480209
485.65963112555534
487.48462679757404
484.76556349162695
490.7062484768631
493.95947594826106
485.74865389703746
485.8636844345567
482.8831001026823
482.516017306198
488.99679698223673
488.82685074296614
490.48152196131133
489.34939217779896
486.72094268090024
486.2718520726793
487.2398544804609
488.16657225697776
485.98856435433936
483.21217813276564
483.40194233753704
488.6894528473724
482.88264539789765
494.53033472554586
486.0778372704266
486.07676976386625
489.1808062326347
486.4149548299127
483.69433456451657
485.7191041124759
488.25578971244664
482.6630387308622
480.9771417842406
487.72176709391385
481.97039052328716
487.0671893119285
486.224250295535
483.6169444951275
488.22297329451817
488.8449888392732
483.77773023312847
488.3544476884078
485.88319257541684
490.2797040362551
504.61115149057315
484.36021831653017
484.8024095251545
486.89696310391486
487.5886082999001
487.3464201114604
484.78600917494134
485.584351109659
486.0464040155229
504.3161709863134
487.9108781492592
486.740287808254
487.62194627085006
489.4878828068415
491.96573184428865
489.3210850678805
490.71834277865577
484.0325617215739
483.2685153776159
482.3624428243546
484.0263574333048
485.3551808930626
489.65455670078904
483.25478301289724
484.00516294367037
487.3270820631455
488.61781653456814
484.37648126795887
486.0628968141014
485.68654540695917
485.17311036358655
488.729634201542
485.47858779133884
486.28421530494444
496.31600867645164
482.3979180711392
485.417084971188
486.46559687539997
487.33075282153095
481.70204811118924
487.3263688427558
492.22972731725076
487.0338069911511
488.27718191509786
487.4596767363797
484.0945738561948
487.2901437351118
486.05931751905973
488.58932023235684
486.9805330997756
484.3844061016046
489.7324117082796
490.84507925388516
481.812234225264
485.35250952298827
487.1950938802882
489.6422571664435
490.22500068251514
485.7473079875519
488.57016946524806
484.0662219610632
489.10681090320844
486.0376746677573
483.70774046113416
482.58471030054574
483.48912701235804
487.1545922568506
488.3042607205449
490.66347775986304
488.083114609658
491.4817452694599
485.884725539784
489.06407929082656
483.84891238399257
483.6175199274184
484.4007580595448
488.17105944315995
484.1456546643668
485.1586879424805
485.52026641925164
487.66644976773773
486.5512243422006
486.12538544738555
484.4860661219126
497.37104378097814
490.573394994354
483.99971802219585
488.270217412942
484.131218701955
485.290462706251
490.5140471393988
486.93495295543624
486.35890972798865
490.8178032210967
483.95264541588745
491.5695378909911
489.52603995406287
488.98840660851994
486.7161837249593
487.7421947024805
484.9656116946187
482.42302510546136
485.43736325665174
489.0772653381864
487.9296366843584
490.8243242465388
484.8813552853363
482.86366069624324
485.0466446262578
489.01791858540975
483.96363960617896
487.4658900966148
498.6793151706928
491.7359765770758
485.932336848652
488.0592163859021
486.7746929959145
487.92119757599596
487.539436620867
484.7379090268064
488.9404728848899
488.662857302589
489.3012970427472
484.4844726953355
490.933770025925
483.2019930095078
493.98891297324496
484.8967406462238
492.36706585192695
492.70000896744426
481.7166588294993
485.0488164868505
483.6086871695297
491.7327916304181
486.2882892329556
484.79092646885675
484.09234248531794
489.1353465788389
487.7903233369899
487.14666279091267
496.34875454996455
486.35694931055656
485.704955830669
486.6065332079338
490.4797715032273
485.7056107430322
491.55047597604397
485.79972225829613
487.1538047013238
489.8945297799089
490.2846749532856
481.6001242640359
487.7021075779258
486.4098771733381
485.11319986357273
487.84767169447457
484.7431458012679
492.5942752888954
488.2891571072968
491.6096523341091
488.78414880402863
488.3638362827099
482.90908122296094
491.0574165455661
492.09240768175937
489.5947932898507
489.7742238385259
483.5540752152884
481.798177872174
485.905555144033
485.22172726920223
489.1054952354368
486.03139280062493
488.510145739646
483.6668191792901
485.80209905029636
486.4293005471949
482.8770113212683
487.68343921908394
489.49062050546365
487.1381427292183
484.41140591621934
485.56707031554856
483.2102099685568
486.33168708567166
485.72795534128215
481.8874564890176
486.8654299204989
484.1211490694589
503.0270540142112
491.7200763920917
485.9953125786319
483.7174152136559
487.51271366896856
490.6252974073153
489.99442569780064
488.4220837905616
490.7953758487777
487.6227526145915
490.1923491741366
484.7186355092003
493.37970229825163
485.5307527363798
488.38777083663126
492.3811809087481
489.51733155467434
488.42959234036294
483.8382697880399
485.80860391725884
486.8801935048973
489.7127443772902
490.9389675331737
485.65158801508375
490.27803565564915
495.59925254478003
486.75660512750414
488.4346845643603
488.92722848647077
490.23231444891553
483.233074548411
487.1757603769171
488.14476421413707
482.2642458428868
487.03554098249157
493.45105178296285
485.85254194268754
483.77160813579474
486.23080778484876
492.5958104346084
483.7370782813827
491.9503938949295
487.2160980610946
489.2151251083883
500.5065343953573
491.317533370024
485.66816763698614
483.00956586183173
488.05214166365215
493.3008122438053
490.60266687153006
485.2896443321597
485.38145649074255
486.9309982034705
488.7703407616442
483.84340321154025
485.4855506912362
483.47609893967757
483.43076600506515
488.9801005495456
491.67518737247207
486.2369950417781
489.7171937425175
483.8454881591121
485.17930776296583
492.4289040489382
486.03603472161126
488.2417697558878
490.0683372062291
487.8924520374287
484.705703716864
492.5418932773495
484.0132206741886
489.61028843441755
483.34427458007633
488.7215931466372
485.0714164756698
485.41619748363775
487.7230267013567
484.44499529462996
486.58666005076
486.33557951741426
