483.47768581995166
486.28317977193757
487.0460815597009
485.52099472809135
489.68725132952505
488.4035128154128
487.0075549206803
488.55067916854074
489.22824842682377
484.59717678868367
498.9238595938967
485.66169610873385
485.76306355161944
488.8228208299705
483.6175787566846
484.81481389518996
484.54188136510027
480.34224721268026
484.2938623165573
484.36506861683256
482.02914269184174
480.05639628259314
480.17351168047867
479.36835477035663
480.5281329311142
482.3013726355418
480.3923814831934
480.0515245306057
480.6290789254188
481.73702841245586
482.0895944944672
481.34280780258314
481.9232600578129
481.992374027373
481.87620238770074
480.7163762246573
484.49351993584077
481.9635965511304
481.7565434568839
482.2233568329063
480.34229588493173
480.3211146331736
481.8553758346025
482.42558396394054
482.0149626804031
480.41218681478716
483.24523212825915
482.06432815579427
480.3190002259686
485.20773048498046
481.79156031003663
484.2011638454588
484.7220655663392
482.10548794089334
482.3412991682137
482.17372543052096
482.12257974836035
482.3030660643769
481.92154956230326
484.27144987575923
480.2625550288936
481.1187336996522
479.9723754652571
482.65136479731285
481.6161579884129
480.23737953137953
480.08289943062056
482.7373017808918
482.6415979450678
479.3903067388678
