567.9321480934149
563.5565925065778
564.4166753072283
555.731876853907
556.140571569721
561.7005310847484
564.2363314246385
556.3812064163648
568.1094061775362
563.7177937605205
562.4120399286882
563.9804819494362
556.3849749650361
562.7185310718866
558.7959786083895
558.2993998040066
569.7443894645962
558.1869510787842
566.3081144294927
566.0567213003242
556.6299870509059
557.4842287736051
558.716966812512
562.3517832801448
561.6492886343606
562.5671023760224
581.7712286454467
563.869021139287
557.0263119167627
559.0447857807152
562.5882319520953
565.8010237791295
559.8283808003192
559.7689027305406
558.6872589922275
568.8394732574411
565.9033940403102
568.73440996903
558.2595463190556
562.8666033251235
564.3468273063415
561.791367194224
560.9636244001113
557.9031697551173
558.7346960707342
560.4252731289704
557.8184038610432
562.6421790968768
558.5366037573535
568.4378569316516
564.7746213028535
556.9171093129473
562.8378047337503
560.4918057216369
559.9302837295187
566.780829404724
562.8605026720629
559.3777488014991
561.7689316863342
558.1274287997521
568.9770580473163
564.9294895439799
568.3209326800863
562.5178546041166
564.0901797795738
561.2935940173354
563.0162107967864
558.9702445715335
567.5273518275842
559.2531557473101
559.1898561178822
556.8812754731454
563.1245665684286
557.7834027319625
556.0969036930736
562.4377549778044
558.1042819073188
560.6027900390632
557.0106662027797
559.4459542547169
559.358922878931
570.6544329199154
561.4383419047715
561.1878526402888
563.266539449864
561.7259740446283
557.628978983036
560.5865621856461
557.8937199801147
570.8510092020991
558.4271738853382
561.7285057951142
560.127836762709
561.7656288387375
565.7864191839251
557.528661264112
561.3333097990109
565.7798901828329
561.8931385815018
555.5231683523685
570.2228505869618
561.9226241421862
562.8279010368461
565.6731071456645
562.6970313225752
566.6512489279912
568.1616736903311
560.885212367769
560.5368936591325
558.816931579461
565.5404647024899
560.1031083069681
559.7223856786886
563.7461883171471
563.7090084713234
562.1607120936607
572.6510598414941
562.2355256748066
560.3025095357485
563.8456338291223
566.8930783485617
560.3346255495089
557.4254531692131
561.4060804190683
562.9409204107849
574.5663695119499
558.545232281956
562.4956867241114
565.0005748111387
561.4777083974857
559.7558575423884
557.4801840618466
559.6707707019202
561.0675724347991
561.6580516286086
560.9978840858216
557.3764896871214
558.1682673400408
563.2286421909604
562.019688079682
560.3119158285034
559.8560760528263
564.6698983394128
559.8291195824181
560.3657550763045
560.6599487936321
562.085227484433
566.2516235412425
557.4589825372173
560.2633522927384
567.6184039898118
568.3843837514529
561.3781359257478
561.0809450640893
573.415362990899
557.3293934909899
571.881872177801
562.2387510654377
560.9115383322143
557.7806576733177
560.8622438599589
563.2979928327345
558.7613445047429
557.4256734375302
572.3336775544353
569.6652055656464
570.3083969827562
562.0650099726709
559.8326633625812
560.3135801060981
560.1998178981706
563.3634633411334
562.4595292839514
560.640665977377
568.7727705729192
567.6581747518123
566.9432960197837
560.910199536981
558.9404132727833
559.2505051942773
564.0186477767693
561.4545388604614
557.8812057308838
567.3844847618935
570.3916091811384
576.9971011908578
557.6762859474761
560.1138254559729
565.0374328527254
569.3664285809446
565.2029409558829
557.832879496912
568.8804869199236
559.6684054879385
556.6760951143079
564.8234883051852
561.7920947623726
559.2278264582118
567.7754313365657
563.1698328344023
560.6048515495346
565.5180476403425
561.6832345702292
563.80266629782
565.0371275126361
562.9096385206972
564.1954074067008
564.4113382528295
565.4263126975162
558.1213131842613
562.1623824933102
563.3681268290565
557.9851204232951
566.9103305147951
571.4271646135387
566.8480361248666
562.9851750775056
560.337027845668
559.9300946287896
560.0736117305908
558.2482844824831
562.9490993204187
557.6430256943404
560.4046337883606
562.4194280821979
565.7641242662368
559.9729777784871
569.488003020939
559.677596423136
560.1867416963422
562.471921057318
567.1181841402314
562.6903719364502
563.640490829705
555.5523350055182
562.8416003009937
579.1211672832399
557.0915668232191
565.9653905118057
561.5258914363175
565.8867657165795
557.2510404027665
562.4606547733764
565.1656476417157
558.0216650114165
563.0405104744358
563.8947942827666
565.2041797278443
558.6147748755894
560.6710982878662
564.1470559088183
561.8360120374288
566.7016430649606
562.9604335970138
561.0985160585049
566.1303221172202
563.7455674044267
574.4072455820885
559.4062718276039
559.165679925894
565.9138791069638
559.3783477735044
564.1853962325226
567.950761600082
556.6929696881131
557.3312780530309
564.9023485778305
556.0228788502465
560.6181281840416
564.8419297486071
562.6443006980048
558.9249929954337
559.2622841364666
557.8311668819272
564.4275848913055
561.4169809799454
562.6600145334249
567.7694255275719
560.9419451230813
560.2812077419067
561.5569990676372
566.5978451094347
565.085255294864
561.4230829874552
558.116358830871
564.4763626937058
574.4659821726359
562.6899071438238
561.5586062958215
564.7961377585505
556.4513526224911
560.135769816922
560.7096806411224
568.3940589750681
564.9564214755526
565.468273719297
570.2622782249427
570.2114064682055
561.8168329527865
558.8342755629021
566.8464003516594
563.3002912601515
558.3113660642945
