1942.7835334297047
1932.2875757536485
1898.8460770600095
1875.8337328548623
1872.7340860466657
1873.3041976327575
1874.8989808643594
1877.2558622519043
1873.1844927403647
1879.9118814571107
1872.1780807974872
1872.7830493024026
1869.996916034128
1876.532122166524
1871.20952154061
1866.5667649191116
1878.055355458051
1877.2387418129033
1870.6291349145974
1865.989560255584
1870.6498459202242
1869.0341220210153
1872.9764479259716
1875.5564657349419
1874.5730776087205
1874.0691604510346
1871.4670099906523
1873.6785008763736
1872.800168370852
1867.2620027688051
1868.8945857131966
1874.4155538419343
1876.6383744920465
1871.2952049784153
1875.3081795601092
1872.0610789094703
1874.0926648706536
1872.681065039812
1877.430992627217
1882.2026956130771
1871.7840770771377
1880.3120222624193
1875.1564889774359
1871.08180768334
1879.0624364688938
1872.3272704307362
1871.2329074486036
1873.7316934890118
1876.3157070683762
1868.398503187556
1874.646063889094
1869.1371226749814
1875.2831247214265
1871.5291020426657
1872.0847133842688
