0.5000211050556933
0.5000091336816381
0.5000027658521061
0.5000134097568324
0.5000080577886135
0.5000046767761664
0.5000075914355567
0.5000035197339999
0.5000056901524714
0.5000021777287126
0.5000348003452839
0.5000071466176096
0.5000039132395684
0.500002855856121
0.5000043507658016
0.5000087172963263
0.5000032584612056
0.5000367012406199
0.5000191533330768
0.5000094615775245
0.5000029730708087
0.5000072315043762
0.5000079150537713
0.50001185861377
0.5000338090230051
0.5000064248314374
0.5000016185389468
0.5000021304774563
0.5000017772082271
0.5000287170889669
0.5000139380513741
0.5000066104551121
0.5000013492148376
0.5000041702674886
0.5000121152311184
0.5000087003834808
0.500006399394821
0.5000043041652522
0.5000061715920926
0.5000247769331552
0.5000183960463354
0.5000066169115429
0.5000131021403377
0.5000091094336855
0.5000021085783465
0.5000058324033866
0.5000046845385346
0.5000065047028317
0.5000093264589174
0.5000044878260945
0.5000071456948503
0.500022888703018
0.5000018334424063
0.5000022617097007
0.5000217506971613
0.5000015876664851
0.5000273157831224
0.5000038273244048
0.5000076140478298
0.5000054104355859
0.5000100972295666
0.5000029043035801
0.5000630366234857
0.5000099756718688
0.5000091529922027
0.5000051209647016
0.5000068068789016
0.5000052827678735
0.5000107240785246
0.500007851113582
0.5000248553731748
0.5000027504106208
0.500002530955054
0.5000022820222125
0.5001065408244172
0.5000234801423981
0.5000026768954713
0.500005325617722
0.5000546656577036
0.5000155483308936
0.5000111569088761
0.5001409183544203
0.500004037499706
0.5000182245095053
0.5000038629613339
0.5000046742395994
0.5000080358576853
0.5000015411168433
0.5000302513421098
0.5001254683285731
0.5000053470611419
0.5000040674442804
0.5000077432648441
0.5000039478818852
0.5000067348501315
0.5000106329565962
0.5000010328808926
0.5000032830250549
0.5000067910262811
0.5000063565689774
0.5000141221815061
0.5000057818131952
0.5000008546501564
0.500011435671793
0.5000075766170616
0.5000169781636776
0.500003553881463
0.5000056628937178
0.500138212892032
0.5000073734065983
0.5000044845417415
0.5000051401196902
0.5000125245907534
0.5000068813870615
0.5000033764057287
0.5000076000428183
0.5000050735515824
0.5000033086343345
0.500005320877631
0.500010231377004
0.5000091274312696
0.5000068479805431
0.5000060506243033
0.500000590988439
0.5000084036127621
0.5005050565527134
0.5000061960131966
0.5000061894847011
0.5000140034450611
0.5000101075292558
0.5000054079712329
0.5000087937552556
0.5000074938702471
0.5011981552270116
0.5001508169095998
0.5000096227082612
0.5000058516178957
0.5000086204863925
0.5000027744993631
0.500005279064423
0.5000048668633728
0.500002599888117
0.5000075130501399
0.5000016227153883
0.500195395935469
0.5000037874138794
0.5000078336211802
0.5000263985202442
0.5000098232942172
0.5000059753720381
0.5000053924697974
0.5000160043789105
0.5000120773095413
0.5000030875131919
0.5000082154639681
0.5000065765687935
0.5000172858699764
0.5000021897415537
0.5000034379883839
0.500010347319466
0.5000119946162618
0.5000404014956336
0.5001647784674781
0.5000120842410141
0.5000114028051668
0.5000046649823222
0.5000060649905907
0.500031792173756
0.5000083944803878
0.5000023691389052
0.5000019590542865
0.5000024569541529
0.5000102692383522
0.5000021404857401
0.500015561125353
0.5000066373897634
0.5000073700634856
0.5000096539187017
0.500002208028587
0.5000152976109625
0.5000067007559538
0.5000057751247616
0.5000088310314473
0.5000090980090907
0.500009533661414
0.5000080521372882
0.5000052448268172
0.5000092646320113
0.5000358593750911
0.5000076983908243
0.5000023047307114
0.5000140987914752
0.5000072494118194
0.5000047309234035
0.500303339085213
0.5000064474701333
0.5000040733179807
0.500004396805812
0.5000051983100178
0.5000035157645152
0.5000033316175625
0.5000038129387231
0.5000010158657971
0.5000054378746029
0.5000023024940697
0.5000060247429327
0.5001243596630673
0.5000029868974091
0.5000154527826668
0.500003564191853
0.5000025541834981
0.5000098742226273
0.5000034780222861
0.5000160685691281
0.5000262575653899
0.5000032615499228
0.5000033179046692
0.5000052211289167
0.5000055595987868
0.5000050654331798
0.5000040907920044
0.500004658463464
0.5000059203990527
0.5000055378352032
0.5000021638291479
0.5000038434081236
0.500003763347664
0.5000052076652256
0.5000045014639429
0.5000067358064685
0.5000658954916818
0.5000047048485619
0.5000178009429602
0.5000087110461987
0.5000032634196335
0.5000237746549151
0.5000081815644927
0.5000047222215451
0.5000035735276341
0.5000041720761264
0.5000004864836575
0.5000055527023013
0.5000112980492326
0.5001157300396525
0.5000064765175187
0.5000017760545766
0.5000308912513386
0.5000090576525985
0.5000058087224033
0.5000091015877524
0.5000098858179528
0.5000037840056816
0.5000061164081637
0.5000081163458041
0.5000031240935667
0.500004534926565
0.5000847496781243
0.500002212123817
0.5000105836622126
0.5000036708976927
0.5000109565776162
0.5000027128544171
0.5000222968147517
0.5000176213083669
0.5000086452123861
0.5000010226509113
0.5000018024897791
0.5000078958069792
0.5001079731082998
0.500006039065059
0.5000018680156801
0.5000182192505457
0.5000039470534484
0.500008995040283
0.500003164119732
0.500004962301195
0.5000062165395598
0.5000020093157426
0.5000055428715185
0.5000225837402609
0.5000363929762618
0.5000035077821414
0.5000045897340034
0.5000112215791648
0.5000115630602561
0.5000330819453331
0.5000057122686838
0.5000009144359844
0.5000153641186903
0.5000075436458888
0.5001591771062694
0.5000008209266151
0.500001284548221
0.5000168043693817
0.5000061482584837
0.500005059565487
0.5000085093027669
0.5000014511865378
0.5000027863413157
0.5000054137789245
0.5000406767287128
0.5000025842221634
0.5000106833221519
0.5000091096612228
0.500011733287667
0.5000054605245354
0.5000055288704891
0.500008611453507
0.5000102781390825
0.5000175814043486
0.5000230231387198
0.5000028066695729
0.5000578759249926
0.5000052704058575
0.5000097193251944
0.5000021585413827
0.5000161509915746
0.5000056929357053
0.500007002338589
0.5000131002106836
0.5000138778590416
0.5000915764166826
0.500016820369583
0.5000134117606118
0.5000029410128084
0.5000053578985161
0.5000044165520113
0.5000080540202245
0.5000156030119325
0.5000102755117091
0.500005540492614
0.5000038942890312
0.5000102187201073
0.5000105774072814
0.50001172680142
0.5000501759402847
0.5000007336212946
0.5000114241337336
0.5000109360729896
0.5000917490306542
0.5000084760764373
0.5000039636481667
0.5000072365975978
0.5000057751269598
0.5000213403561733
0.5000082759253716
0.5000025541726986
0.5000092020259501
0.5000067830584096
0.5000012607331916
0.5000030973654703
0.5000023396464721
0.50000657827583
0.5000058620948863
0.5000047444732398
0.500003008564831
0.5000041456665015
0.5000113058483068
0.5000027725802441
0.5001996996098259
0.5000080712154421
0.5000006500063795
0.5000014323961238
0.5000141557208921
0.5000049039874345
0.5000094442163636
0.5000090243561766
0.5000067777104982
0.5000038557292622
0.5000083362127616
0.5000022167144211
0.500003254597812
0.5000113034208605
0.5000007032126336
0.5000046383587803
0.5000149917882345
0.5001431512056297
0.500003788875028
0.5000067225974062
0.5000043116944086
0.5005706587001045
0.5000195519212631
0.5000072319461148
0.5000139832616004
0.5000039613882145
0.5000055773134742
0.5000012970658915
0.5000056674302836
0.5000042082212486
0.5000025132682707
0.5000110835123546
0.5000057576619651
0.5000006861014068
0.5000053601993617
0.5001371403397057
0.5000036967053543
0.5000093504824416
0.5000029212370731
0.5000039233542635
0.5000064195476177
0.5000879968540367
0.5000035148918094
0.500006919356228
0.5000536371497125
0.5000005000903146
0.5000065509805769
0.5000014260223629
0.5000405664182556
0.5000437637549521
0.5000145484793893
0.5000037955858213
0.5000032457356933
0.5000218528149453
0.5000092673549892
0.5000059379316737
0.5000310211377567
0.5000125131932385
0.5000034360560889
0.5000091806846109
0.5000023563038495
0.500017419297058
0.5000045191781406
0.5000062823910715
0.5000185538592834
0.5002330181510356
0.5000031069082805
0.5000120294358618
0.5000055065938206
0.5000071733833735
0.5000040804458272
0.5000011122318156
0.500002257740118
0.5000022137487975
0.5000031558446395
0.5000007214222749
0.5000080042707766
0.5000041644036248
0.5000014986662815
0.50001018936976
0.5000046515439438
0.5000107285572571
0.5000080634351523
0.5000056917311154
0.5000031343765701
0.5000035447670141
0.500010137890404
0.5000057829603848
0.5000013151013544
0.5000054346992053
0.5000034488603778
0.5000078757493207
0.5000038486439699
0.500005471213753
0.5000012511439714
0.5000392953467246
0.5000050963795362
0.5000025603350067
0.5000073997312167
0.5000020761019257
0.5000352993052462
0.5000050855978541
0.5000017265552403
0.5001084493322936
0.5000059004943735
0.5000066023638454
0.5000625828306134
0.5012932869054857
0.5000036454407806
0.5000081076088445
0.5000070259087174
0.500000754336545
0.5000041304092637
0.5000042840895281
0.5000052363251397
0.5000225356818926
0.5000051571537121
0.5000032852390148
0.5000024646608697
0.5000074065206518
0.5000118006728372
0.5000017498630307
0.5000061150788935
0.500004315718224
0.5000058555102113
0.5000128631480037
0.5000072776107095
0.5000079064625866
0.5000118375767056
0.5000074597647057
0.5000062655220223
0.5000017725265494
0.5000440072150643
0.5000076565088927
0.5000036502200987
0.5000475132219272
0.5000116105597333
0.5000056478598371
0.5000433287380734
0.5000114811340834
0.500002727431852
0.5000030285382091
0.5000065176582806
0.5000093745792342
0.5000089141315991
0.5000439124844344
0.5000048287717983
0.5000067377896216
0.5000084686331485
0.5000153186901239
0.5000075809367552
0.5000178018645632
0.5000042225218679
0.5000017470440627
0.5000044321540684
0.5000079319329788
0.5000159857615044
0.5000063846533112
0.5000048522582302
0.5000197590341509
0.5000089123945088
0.5000085510819681
0.5000062490143108
0.5000033925126509
0.5000094863538298
0.5001780668065279
0.5000059698688805
0.5000057961814047
0.5000015665476305
0.5000022796796986
0.5000035726935469
0.5000120830303384
0.5000099174919233
0.5000052466395156
0.5000031862810925
0.5000066426011099
0.5000031091883336
0.5000039890981283
0.5000095365251057
0.5000109245361183
0.5000107155351261
0.5000025160718233
0.5000069613649081
0.500003108019348
0.500007884817991
0.5000059635203196
0.5000046082627122
0.500004467525777
0.5000070099347995
0.5000049623663205
0.5000106053986567
0.500009571143192
0.5000041988063807
0.5000030585236469
0.5000096440194753
0.5000138709840369
0.5000260765766396
0.5000039254014119
0.5000323971889372
0.5000040717581004
0.5000038884304231
0.5000051994650385
0.5000016347307712
0.5000068974340671
0.500008451328396
0.5000185399236822
0.5000055013161446
0.5000035654422345
0.5000055608401784
0.5000033501120469
0.500009046275392
0.5000097073992417
0.5000242631773696
0.5000038599049531
0.5000027070043422
0.5000042875467461
0.5000180347189259
0.50000202850212
0.5001770523593301
0.5000062005518391
0.5000037939740212
0.5000047112231267
0.5001279502334476
0.5000092307959488
0.5000110566929767
0.5000151759502525
0.5000033011193927
0.5000435273990483
0.5000026555854925
0.5000053284722153
0.500008958918812
0.5014620536019455
0.5000076523276964
0.5000110652052122
0.5000065402603059
0.5000056973232158
0.5000024118304173
0.5000038766152718
0.5000021046274324
0.5000055039834415
0.500003858231777
0.5000082158916282
0.5000153469660823
0.5000027867450629
0.5000092638259113
0.5000046942029621
0.5000113100929666
0.5000019274689409
0.5000079040034409
0.5000118490534083
0.5000034275488484
0.5000029154144144
0.5000058243286307
0.5000203095062579
0.5000372997458258
0.5000056987940341
0.5000030678945767
0.500002652656928
0.5000055163178622
0.5000103361421153
0.5000071245086851
0.5000050351544356
0.5000144981924861
0.5000217070804088
0.5000051337363015
0.5000264382959322
0.5000027545854607
0.5015604641773921
0.5000082220582295
0.5000039307230872
0.500012594270072
0.5000041887226705
0.5000059669389918
0.5000111653466055
0.5000024447266832
0.5000073694546497
0.5000032752494286
0.5000136892957345
0.5000336082017588
0.5000047656862792
0.5000105183000307
0.5000018726800943
0.5000074620929994
0.500002743511318
0.5000033032695623
0.5000066040185182
0.5000163409499336
0.5000013188770414
0.5000066674787051
0.5000089428733718
0.50000365311399
0.5000092579506727
0.5000036701285164
0.5000075745988009
0.5000031165287878
0.5000032111081879
0.5000023919183426
0.500003378346299
0.5000119070912433
0.50000533504774
0.5000051142641294
0.5000579675320791
0.5000585329945861
0.5000135473702451
0.500003048753942
0.5000057245272855
0.5000075386402529
0.5000099422755063
0.5000073109225842
0.5000064204847892
0.5000032426214243
0.5000047726736528
0.500002970853489
0.5000091577337913
0.5000012907624287
0.5000615433133685
0.5000022953430245
0.5000166806159114
0.5000051084539697
0.500023858461215
0.5000015586451128
0.5000084325470342
0.5000116063640486
0.500015010938083
0.5000043549986778
0.5000030215444774
0.5000042018601437
0.5000240204329301
0.5000013530916096
0.5005949494613531
0.5000120019118566
0.50016254007097
0.5000009524872994
0.500037590312613
0.5000106174775999
0.5000040740859332
0.5000049770280924
0.5000088147157229
0.5000050859753672
0.500034872844056
0.5000017656287153
0.5000044546722527
0.5000069338688303
0.5000097003305765
0.5000029551354896
0.5000021679362189
0.5000147085150239
0.5000076806890603
0.5000028062581351
0.5000149758794025
0.5000003341320477
0.500008519238346
0.5000075753455835
0.5000098588594498
0.5000047292445315
0.5000098606963385
0.5000440334160432
0.5000064199710119
0.5000041870860862
0.5000089638249107
0.5000100003670205
0.5000084687453215
0.5000188930806405
0.5000212592793638
0.5000051816010633
0.5000080354135086
0.5000864590925
0.5000088253793953
0.5000039788594896
0.5000070864255163
0.500001165267095
0.5000044935673004
0.5000078296515014
0.5001702638794536
0.5000060367281617
0.5000034592479502
0.5000009894185995
0.5000081884896952
0.5000092413396078
0.5000121639376656
0.5000142164094595
0.5000104451416425
0.500022243912046
0.5000033544706708
0.5000053708644118
0.5000033542916487
0.500006683034624
0.5000043735093357
0.5000037934869178
0.5000019343066803
0.5000083211460219
0.5000077919820369
0.5000017289833271
0.5000060521203765
0.5000055051530554
0.5000074377525473
0.500024207756356
0.5000081274267745
0.5000089822497197
0.5000018121258829
0.500003356542771
0.5000041714271812
0.5001586069465086
0.5000047471477044
0.500006111235035
0.5000012974299791
0.5000024713765767
0.500003368080349
0.500001872924399
0.5000091693902681
0.5000049564167041
0.500032963581728
0.500006499475392
0.5000432679904733
0.5000014863555517
0.5012878162267008
0.5000126335495295
0.5000033657238961
0.5000059799120964
0.5000048730604814
0.5000025970614963
0.5000187664120689
0.5000088123954219
0.5000007497861539
0.5000687865286437
0.5000071010949974
0.5000016873891374
0.5001724342676092
0.5000060676872814
0.5000041741386476
0.5000079123625851
0.5000089980789388
0.5000009423547328
0.5000006787891735
0.5000027802198777
0.5000236525649403
0.5000046950827985
0.500006344285719
0.5000041331737849
0.5000097748822271
0.5000031624478836
0.500007388171391
0.5001216447758171
0.5000027611752208
0.5000033444705215
0.5000101113014743
0.5000066036824254
0.5000057861072955
0.5000028157226954
0.500002115096636
0.500012521962193
0.5000092927493784
0.5000047778865047
0.500056214249746
0.500003335838842
0.500005389025872
0.5000091003065006
0.5000052924158569
0.5000015003583693
0.5000037238848635
0.5000085174552431
0.5000105861683048
0.5000103023672472
0.5000069155429592
0.5000490361107416
0.5000190277973953
0.5000049721672257
0.5000058414110131
0.500012493389884
0.500002682216472
0.5000028149141952
0.5001991990950582
0.500006942563973
0.5000025881069095
0.5000063541108644
0.5000079781755765
0.5000166091940534
0.5000227694144206
0.5000022977987257
0.5000033673663474
0.5000111787267263
0.5000086878225154
0.5000101371822364
0.500008619445737
0.5000036457667728
0.5000155863618831
0.500009760418684
0.5000316444098025
0.5000031793474079
0.5000116306131146
0.5000747261620098
0.5000020013944175
0.5000045322363186
0.5000014672307305
0.5000058825222043
0.5000021647604195
0.5000047152728105
0.5000046188945788
0.5000048772462807
0.5000029031924073
0.5000205697649808
0.5000024711205433
0.500011133103933
0.5000067875858059
0.5000101723356635
0.5000038633361212
0.5000078622566955
0.5000025681211374
0.5000033736905596
0.5000020023193052
0.50000298283876
0.5000189761125031
0.5000049386725283
0.5000221730022705
0.5000047820523459
0.500003174208573
0.5000063054551582
0.5001322203337527
0.500008204407238
0.5000070677841204
0.5000113401678049
0.5000025806644084
0.5000031753756033
0.5000023434486217
0.500001705022667
0.5000604876841258
0.500006791368738
0.500002776189147
0.5000097227906578
0.5000084792525109
0.5000017833780532
0.5000057212707998
0.5000069061363521
0.500023536269703
0.500004481428293
0.5000311287007998
0.5000039814748096
0.5000050734285483
0.5000040936191078
0.5000059249273884
0.5000024698232955
0.5000056135138726
0.5000022570302969
0.5000112535717788
0.5001739898314393
0.5001825828476568
0.5000171484062922
0.5000007497929149
0.5000046209311094
0.5000035734427857
0.5000129247546066
0.5000040189463754
0.5000039223962359
0.5000200759547005
0.5000021198297514
0.5000036682722304
0.5000141483655913
0.5000081324441921
0.5000113661390411
0.5000063021508715
0.5000123740193766
0.500006157205241
0.5000029617800755
0.5000062191082878
0.5000082150972619
0.5000046477938935
0.5000030127446217
0.500007751712607
0.5000037279080246
0.5000245913672259
0.500007012411239
0.5000053875847934
0.5000068130841313
0.5000055350380024
0.5000081614186971
0.500019787638346
0.500006101677125
0.500008082507533
0.5000014558114451
0.5000035411855864
0.5000068914112828
0.5000638139491633
0.5000367466649968
0.5000066441567071
0.5000081584080629
0.500002293150774
0.500004770132018
0.500007320216952
0.5000037614803876
0.5000208330643388
0.500003363080119
0.5000054298153341
0.5000051401202494
0.5000040944121283
0.5000043280820335
0.5000047136372331
0.5000150774057881
0.5000045294748028
0.5000021792773224
0.5000049820654984
0.5000035017493852
0.5000112371926856
0.5000021204743844
0.5000028301525108
0.5000323176188579
0.5001590860147197
0.5000034693728447
0.5000153589224349
0.5000029071659623
0.5000069488088105
0.5000068600239441
0.5000385874677192
0.5000044522610231
0.5000085710098808
0.5000233906301398
0.5000015552759279
0.5000114217141969
0.5000091171893153
0.5000147753693689
0.5000030936676059
0.5001179509072388
0.5000335530757759
0.500001082713538
0.500006578168834
0.500009673513408
0.5000128512451417
0.5000075131207055
0.5000038634987627
0.5000076828066154
0.50000148084605
0.500005401765826
0.5000068521355793
0.5000006760583493
0.5000025899128092
0.5000148031210585
0.5000012525868286
0.5000399614103058
0.5000125208169073
0.5000112474587993
0.5001234551920739
0.5000095445300208
0.5000035444397211
0.5000066368007116
0.5000032576827583
0.5000027277687283
0.5000048805327306
0.5000044584796765
0.5000095324460437
0.5000011217089569
0.5000137773036543
0.5000113375269716
0.5000108805841376
0.5000109937239531
