687.3316696109683
681.2679743881436
685.7760651098686
695.2844101390777
688.308040066532
689.5127926410063
692.6581500283572
689.4101647479984
691.7519963177302
689.1439306812515
685.8443936691842
689.7467671433135
696.9772725006543
687.8352701360903
680.0567077562787
689.3975847922283
698.358053335672
681.4435365714838
689.8040952584773
683.6416491422747
703.6314739255034
695.4460334164431
684.5724138336864
683.846422273776
693.4241641991657
690.1788813390289
684.1555022990348
680.3856266280239
687.3856983104234
681.7632454839379
701.9732098788874
688.2630770676816
691.567265458381
694.2598919980383
680.4215999916472
710.0218536666006
685.2539753655041
691.869859448288
680.2341199894395
693.2714807463464
688.7717643513857
697.1262097466406
685.8862143248064
683.2848683433293
686.6857016949762
685.7723165787742
694.4660962578565
689.0011390079932
683.3613353844365
679.7194884138355
680.592449256815
684.2225059319212
689.3896322277668
683.9706589754105
683.7435612684419
695.1736056975618
696.4609120733098
697.9973581863037
683.1248314182878
678.5098487817797
684.3956673379421
685.5914909386901
691.9164266212022
687.6866278496385
683.6081837154093
684.6347428021235
682.9715929402923
681.6887600446619
683.3412115725552
686.2877621729223
694.5618570088501
687.4514382379822
683.9253814508936
696.1714789808757
681.9330308385536
700.264922861977
691.4580994692177
692.498314058288
683.0895359888021
701.6341143073766
684.648784046099
688.8116853150952
684.4527636556063
687.2973772108344
687.8632130703426
692.5382978733481
684.7705405915074
692.0975802043266
691.9017916626399
685.0065109029406
689.3120012418159
715.1966374237151
690.0831791659049
690.2627276568196
695.8510815742573
677.0197975730752
684.961639466989
691.9173131569294
685.2902319676109
684.9159442571603
685.9929472056476
707.2896784812742
680.2698849418028
684.2982716342542
692.4439895554577
682.4761640884333
696.2521881725457
691.453492397147
686.1215962949793
678.8966710966248
703.0762522261715
685.1889408723506
680.4308615210546
688.9995064623391
691.8887610175201
685.228006963275
683.9362094403674
683.0425019575594
693.2313032057348
677.5252521270519
685.70172722249
706.3278781057846
680.2861437768019
687.6785076873755
680.1072635116727
680.8246748829325
684.1974971874204
682.5205867418897
679.7844896401718
683.4822712280825
691.3096043721379
681.2117982990302
684.2502889697748
694.4824466823526
682.0445059026376
688.6780521932424
684.7393935526683
683.9793564268489
692.8108685158342
681.8345873319821
687.7706065407546
685.5002562120246
692.0414308669613
689.2807184107877
688.6878567718646
679.8297549099269
685.1848128051703
691.0946023821338
692.1267747219523
688.8848679434722
684.5469911214881
686.1222558574285
677.5719915059539
691.3019093883978
678.2272404917054
688.3233924732054
685.4411327397206
680.2323566947737
700.4448052213876
684.1149791251921
682.6139988817162
705.3046043067685
689.987128119539
678.6686777091444
681.4869681849544
692.45645149079
692.6740062438209
688.0152187278985
682.3058948496329
688.2905109827133
688.1164120553226
692.4633473495658
683.8621754901735
684.6604257155798
686.5009916691923
693.9271913677308
686.3290215403736
686.4433433570052
696.6520842164333
689.8671207603925
683.1811681930141
688.3982853164252
685.6868970125433
690.6262554844652
692.7952757696428
683.501339669799
679.2627732552189
683.4408799121327
685.2217241405613
684.0449304974235
681.8151097585835
703.1045443948317
682.0070451572507
686.3727206228382
687.3968617746584
685.0560377923745
679.4643066224203
686.7693701426173
694.9185587699536
692.4816498362356
689.44081348095
692.4027271358522
692.2580469784718
680.753200739697
694.4760982063088
689.7991133826679
701.1180323088499
689.6129800471208
680.5536757786748
696.3133441657823
680.0743138665102
696.5056560354659
680.707037785618
697.056872956849
691.7801782284338
681.4488672519774
694.1255616183532
683.2222513110344
685.4919901781299
684.2434618569603
691.8273019120496
689.0217567218532
692.7323682009336
688.8269409353426
689.4175856470433
682.8573992293686
698.2839407975733
684.9523860599325
692.6940269273684
682.8671745332331
683.3051152440133
685.0952431817497
685.767888085088
689.1314649128786
683.3369839587261
687.009231616631
682.5323964165707
685.753542901257
700.2633235513391
693.5450061624446
690.0906023585743
684.3486734076786
681.3167771656988
681.1814068923073
685.9951529518991
686.5767695343393
711.2784045170513
682.9025322397997
688.9467168946118
698.3822040190017
692.7135481900243
701.6801773037079
686.205206329559
686.4709386766782
695.5239121862855
678.0438624364425
682.2436558692709
682.9571344257328
694.4844537025515
691.0462447006694
691.8262659424291
694.8823008030355
683.8972660956539
683.7226173626339
687.0367158138985
689.1386092663695
692.5428267082196
690.5139963933749
691.9405314004207
685.4299152567578
689.1801605320935
682.0816430032033
685.4448498004591
689.391362390483
683.8483806322258
685.2759521073759
687.3015673028899
683.3375172358185
694.1228574262525
687.6184042518378
695.0735277969138
681.4238050595771
687.7199843592456
684.1050387800409
690.8470941910942
695.3814886249087
684.6255647741827
684.0439906372109
683.6122677588629
690.7003497382102
689.789453659525
697.5963870995123
686.8674272654363
679.8796898865324
688.74722936485
683.0843635032418
684.7039416334088
680.4345696007401
685.2123931980407
687.6821979215035
684.3499506785083
694.3224402293617
689.0378593872789
