1570.2931429823286
1606.4531347771165
1634.0947023742212
1624.8249323835134
1559.2448976429328
1588.0151395558446
1617.7578724975933
1584.436984241551
1583.3747631302965
1589.7425067569577
1618.8233047180522
1641.267007174184
1605.851728499773
1619.5991447237323
1657.2892934324498
1631.6294139634597
1619.475893173823
1626.715831805807
1619.662424936679
1603.85688345956
1573.094528746196
1598.4637056194022
1648.189323827804
1611.7608595597794
1631.511406263918
1652.224347219704
1593.6374112966594
1579.1316016890848
1595.8473781949651
1628.8272751437078
1575.6094173048746
1640.3387169885777
1567.8568730602929
1597.0951975029056
1633.9314549302646
1624.7224977606322
1614.0872144946602
1657.4039550044993
1596.256205873678
1622.2475223289946
1616.269193690692
1603.8163976479411
1575.2708290741652
1609.9662877662745
1576.4697269809449
1579.0150849987408
1577.244441003874
1586.0487111888165
1612.4886147150837
1551.7244659122393
1648.3451101560245
1551.758365061988
1605.9631899868511
1620.6167606402037
1564.5302706779355
1595.341460248293
1584.3233612260972
1631.132443086639
1590.9304374531437
1578.375835648141
1575.1040273284173
1579.6686978094372
1616.1673387940539
1582.2202441416257
1641.2098122001
1570.3506920475686
1568.2251160143992
1575.823959836569
1571.131213090634
1593.8648063305884
1688.137634985021
1591.7042663722043
1575.7653145560867
1591.4597886376148
1633.1766921151334
1595.8094015147424
1564.6104261977518
1587.7333229046815
1619.722709993523
1590.5455252286706
1591.4170911991273
1663.6148513445119
1563.5917792837533
1580.0254501769457
1583.042687051525
1579.4078571775513
1644.196390457489
1639.3232419681565
1570.1294862968873
1621.1461557598318
1585.5503576532246
1654.1011409401833
1565.1493417123554
1596.6094317796378
1609.2363448281533
1654.467694296895
1609.9268488966266
1659.9323511372208
1570.6475898472377
1605.3299801568173
1572.754312227372
1559.0640409593525
1640.7510139118465
1591.8012102840994
1586.2263587754228
1612.1228151623047
1613.470929431719
1622.0990710888714
1590.4582551308488
1610.532791656954
1594.260020378668
1604.560072223599
1562.2461927360348
1572.3285214393754
1636.7302086655393
1573.9654218273306
1604.7906495067868
1576.1207899333006
1587.4795429090216
1616.106936032365
1633.608000568883
1637.3813967912401
1569.9955476625014
1556.3145582309844
1589.1388981172754
1626.8789017001238
1601.154106381024
1569.333637381394
1603.0027754558932
1581.532985185538
1629.5461183165603
1592.7571060797113
1577.7779274235893
1647.2257331008655
1562.8473171155274
1600.381291234823
1608.1951579095287
1650.0499491729154
1576.7946506520352
1628.7979370215314
1555.6674787501474
1649.0014981226536
1594.0573431875405
1596.3801546895359
1588.7704198049398
1587.0104512009532
1617.000091658685
1587.0079132150518
1597.90181182312
1612.9261014596714
1599.6881261475435
1554.5392168071505
1565.429921475665
1598.5983067162897
1649.4588931698988
1583.459873510964
1590.3641712856568
1586.1533315880886
1568.011722381614
1576.8379083651173
1660.4973733439197
1648.689996259742
1593.992282806271
1634.6600322810662
1622.638436186502
1579.307761976699
1594.050590655629
1571.0769206437812
1597.6221620361405
1604.8441115825244
1613.5630724046164
1684.112336643639
1585.6947738627484
1608.988398647678
1569.4056599367682
1587.2101456048172
1575.8924510720753
1595.0396574009103
1605.2519811123839
1608.915919826039
1564.6533688628758
1598.3538834203316
1632.0788641320714
1567.232554088816
1567.101304876425
1618.6334843159095
1599.632800214282
1597.143318726209
1592.597064221845
1567.40530137256
1564.6934267896781
1612.4309418451576
1681.2581590972118
1596.6705459503946
1591.1011186382073
1610.7761862371788
1620.4551182158855
1563.8533090737712
1603.3456395665369
1612.232096329879
1583.0638439300722
1603.3680459399695
1636.4229852689625
1584.1116271959838
1626.5877123334221
1585.7093846103853
1603.7601709327682
1609.6056586198304
1623.7599100858563
1606.5612029653585
1600.0092501356883
1609.808136475566
1571.2703530778663
1609.9894823874831
1617.4324342631326
1578.1141626136618
1581.065384459477
1569.5346671153698
1593.7685027639805
1576.722717925883
1568.3356241051672
1600.8584194610478
1602.4490911599537
1578.7319831814916
1614.7217443141096
1590.1247420900213
1569.9367380081778
1637.5476006911465
1594.684671374481
1604.251110741971
1590.1748434885544
1600.1014068836973
1577.0988677767143
1648.1934417806215
1589.0123731093822
1680.6793767219451
1587.6089872872176
1591.0277362565619
1634.609391077516
1584.3428077278531
1552.2910745318272
1601.6217082348826
1597.8293740885276
1576.9990073187769
1563.3071098502828
1562.844438393514
1584.2157943480556
1604.9737665659407
1580.6040005563123
1592.3887760632385
1601.1425553461074
1601.7233866739223
1581.2484137914773
1581.7162907291734
1613.1225298566915
1611.9514374258417
1617.3773269365083
1582.216452137254
1573.5921215749922
1625.4626908620794
1600.9175772492877
1560.345105757181
1568.1004454789202
1593.088965701359
1564.9415866912286
1558.965468405309
1568.5678831281036
1655.6190827141747
1598.1560316103826
1573.957353464042
1571.9107306761648
1575.4829793804327
1584.4073940476867
1591.4208811630726
1592.899332801112
1583.9163683212016
1605.730233757565
1623.1690478004984
1648.7431612367318
1631.8816230059647
1592.9483642294235
1570.634487570563
1547.3148344807662
1564.8357312623534
1598.5059437973598
1595.2979338685147
1771.6742799447618
1564.1835546337697
1570.3677827089198
1600.1303188198658
1709.3662573277502
1595.0939463607103
1580.9789957615433
1589.7907918397375
1634.1121996866707
1585.1421691681007
1560.4528639519929
1584.2458637213442
1600.8116750976744
1628.2097087506684
1567.7382112093394
1601.5491694393463
1642.5692410818294
