30.450151516299773
30.488457967305052
30.464682575727934
29.93412609524274
30.44617635168223
30.5158654358683
29.934157029784025
29.946301107102435
29.933910317359942
30.486212095853684
29.946693638864673
29.931584056772586
30.486874308004058
29.94596531995219
30.499263173630425
30.502235486404423
29.940523766522436
30.46957023493237
30.44251693772521
29.933110807199675
29.944290887322385
29.94758413832631
30.470216162090416
29.932326703377356
30.4609282436247
30.559698752890217
29.95242970434102
29.95299160120102
29.933713873616984
30.500983031187243
29.946296351378255
29.956698024196243
30.507333144586468
29.9557737717644
29.94102739396347
30.519004716169658
29.955258162529375
30.544657330924267
29.97969757901647
29.963760135901914
29.965209375158864
30.61165176104967
30.513388898271003
29.968477880154445
30.464456380569917
29.941769283255777
30.51551376098082
30.459855143825692
30.465246688959738
29.95862761317012
29.979591891492895
30.44185300307795
30.50714193504396
29.959412959545602
30.53203909103751
30.451168199322137
29.94035381661189
30.477436372677676
30.591942661805433
29.94979167168121
30.50154183501705
29.949150511469014
30.493741008764957
29.957747394339176
30.553479302350983
29.946981671876532
30.47266444049392
29.92922340606166
30.443920564248735
30.60812773028414
30.500963619433513
29.92893788455045
30.4733941384799
30.476030519819435
30.473493091098476
29.943959630698412
29.94647985101598
29.949815704140384
30.44339871757488
30.470363669213526
30.496538271880986
29.933096035385905
29.948018977821743
30.46590013928393
29.95823453780245
29.944055941302867
30.497717836479037
29.94508310162389
29.929269057225344
30.482748711624534
30.049540158587067
29.928281774754467
30.50033087805839
29.950251286511367
29.978443622983782
29.943310262322765
30.475838081103852
29.939696041254567
30.490592621366037
29.928806590055462
30.49668265118945
30.45703255881322
30.521119643421784
29.94673039261497
30.48980643821262
29.93793897110213
30.543991117457477
29.94881220484801
29.93791776979524
30.507328052006876
29.939422892308702
29.9270253213502
30.480063080871666
29.94778228014592
29.938998579364362
30.492576131535916
29.95163587213265
30.45959132104722
30.51144078983618
29.93093179175941
30.4593475255522
29.963562698057068
29.950308107668974
30.623802925015603
29.938260115606127
30.487926158749307
29.92847503800831
30.4635154485864
30.009335758939887
30.508133349637525
30.521232925479087
30.452626306299763
30.451589988943383
29.933143101332384
30.50096393337533
30.456144054339294
30.482027157240342
29.93813427738327
29.936813218765717
30.50569283129436
30.46395437170908
29.94898330843741
30.490374220565204
30.506634085544967
30.568238272384594
29.934503218902545
30.486425953304362
29.949087099841385
30.540226839770284
29.959193116658103
30.473474254982538
29.92980421813257
29.95383066146345
29.947587186823686
29.932783731265854
30.502355501741302
30.46713654997279
29.934778611599096
30.454499853847857
30.507520883118964
30.58146765313057
30.471948662976956
29.94118251516088
30.480431685688103
30.47771472914816
30.553354288458234
29.964992987157416
30.447815506480907
30.472048706661923
30.56122079469005
29.971398188947415
30.503907810802247
29.994944974640966
30.507633131080194
30.479349585711628
29.94645592474985
29.93980696854588
30.499053893736424
29.966276126513762
29.944945214285973
29.94952638572515
30.469230616259342
29.935576189711593
29.961308275177984
29.953269378735854
30.524686450573473
30.48583388577203
29.95317158966078
30.473091710312968
29.93004536439203
30.5025871705616
29.958419775279808
30.47044820708682
29.94166107438207
30.4762677195523
30.52565150794289
30.451490086494115
29.9380572176362
29.936249456466935
30.4550342950367
30.46842245230292
30.52638719547107
29.934256523004038
30.447275856270203
30.457983389324376
29.943412048163935
30.482161957800496
29.980391075090015
29.929950527420278
29.969144046589513
29.93012583726666
30.473013450369997
30.443226640610604
29.95250281980351
29.964319232223183
29.944659416166566
29.969430394756014
29.938028171315285
30.4709390205853
30.518290002455814
30.472582800927004
30.458879989075633
29.953440953117468
30.503228985186652
30.490813411640637
30.49218644851391
29.97339261299829
30.508582201520333
30.54413416076167
30.48133498487501
30.576298956712623
29.93009208358885
30.541164942502615
29.960189701573015
29.970586992516946
30.446623103029438
30.587911352106698
30.603220032090803
29.928221582124156
30.49181921405741
30.46398915195277
29.928168947644025
29.92737201067475
30.46549089090918
29.929499611249497
29.937882305187184
30.495443849771426
30.445621186991946
30.485815969779928
29.944245807974713
29.932110896865847
29.929645147244806
30.45734927325018
30.48327967399853
29.937114484134845
29.985754945381935
29.935370421191745
30.542536789232965
30.480489377773946
30.561090659948725
30.47785303792016
30.56607342083292
29.928804192001344
29.941975130913594
30.5038092527076
29.928336168244794
30.504554585464895
29.93446144875831
30.457315224135687
29.93519783024208
30.567860601008398
30.45588901469571
30.49666607877895
29.961673148867508
29.95909995204569
29.96469957469061
29.941958139025495
30.46021191233156
30.475395953486533
30.530629823337712
29.936947785154146
29.987580551788035
29.945548414675493
30.515869359740126
29.958702575686466
30.536688039057957
30.44750298639634
29.953517252542174
30.52382784467761
30.558230062588706
30.460742558705498
30.47067921716911
29.9375837480043
30.536485766832673
30.472041821299126
29.936937586141696
30.46290609441218
29.974409021227757
30.482006351037985
29.936939546007093
30.45766355316342
30.467431358590908
30.45131126350005
29.96742582640283
29.941953868801576
29.92899069379945
30.486580091285752
30.445924050194453
30.453061778221542
30.494204993110973
29.935021612573614
29.93357362796718
29.95749823958474
30.564347738347124
29.932353609193992
29.961367610960007
30.46564146475646
30.46629016441794
30.456181073023252
29.931225183004678
29.96833051588161
29.965591799250234
29.959479272351913
30.49186401475021
30.457797392630454
30.51653332788812
30.471355080496327
29.961935200112237
29.933555611913256
30.533276160165176
30.476167208779227
30.505274631615627
30.46667791882365
29.966357668500105
30.46104396766293
30.486777187171597
29.961077771041193
29.991464012289438
30.551716250504338
30.46877885350195
30.48448860605353
30.45845171447864
30.478060633090845
29.935452194522647
30.54051123141553
29.96386993128401
30.45507202359346
29.945602864558957
30.483491134223815
30.473053648064536
29.967747756568535
29.932335946386175
29.980775279249638
29.932369611729726
30.45705567337578
30.529757413578796
29.94618826587647
30.552067489376576
29.962754326034627
30.00824442305007
29.93718904452793
29.952782689788947
30.522257494508107
30.51833733198133
30.545168142195042
29.928102579385406
30.58452481039955
29.97446459623054
29.957757413485005
29.93512386347644
29.9416927963961
29.943055142852234
29.936557397832132
30.49112614258327
30.44296693281218
29.94408169900844
30.46095686947151
29.947131991915466
30.52766915101777
30.447252933028064
29.93913185962117
30.482732357375067
30.476325296816633
29.934841044624786
30.445672980821165
29.933078429049445
30.447807216495757
29.933908394338015
30.49089464512295
30.53277321301778
30.45825986262984
30.515193446200268
29.97035532295558
29.933403927103583
30.50637943334536
29.933430257842904
30.491027074757117
29.94467380016575
29.947874455833333
29.965599909596165
30.474810822384722
30.52917699898384
30.640176584706047
29.973993798764635
29.951511795636872
30.466055009035287
29.945723738202396
29.937775975019836
29.965032292275662
30.548428277657795
30.457790534758608
29.957823967661497
29.933251779714443
29.966026686588805
30.46702758752125
29.94627536150471
30.50402107184791
30.489250778300704
30.50694606986683
30.451695500369947
29.957689486502346
29.935542670920363
29.939796771445366
30.484633163273095
29.941243035253354
30.523660432515946
30.518808028077153
30.447466268042838
30.47981125273445
29.938602290208635
30.490743052238468
30.45160584490656
29.9340192074629
30.447715590569043
30.44604908684839
29.946291636285565
30.474524573509633
30.4719279759041
29.93919597111346
30.534517464909474
30.465754658646635
30.535341661120214
30.479866602393123
30.489640422164406
30.499337617619815
30.476244635936023
30.44817898314579
30.49257579937466
29.94779889097124
30.529033071238292
30.542480010599338
29.966857124029033
30.521316050931222
29.947220272501706
29.98578030297253
30.54503223824801
29.926115666862703
29.927402225787883
30.457469883793195
29.932874190091297
30.516698795958806
29.955251232757888
30.475926323594685
30.482326739250016
30.49702544615299
29.945842196865073
29.947080308328015
30.517781560305735
30.473772401843135
30.464994740765764
30.47755921080965
30.542347710559643
30.502955615649913
29.948570731669694
29.966168724936818
30.54128472950728
29.958425865010856
30.558938636305335
30.45987209739188
30.467038100936552
29.96956270955566
30.506330699619703
29.930753295809026
30.68245192295948
29.935308737415156
30.45365055934761
30.546153218691607
29.941027237776577
30.492932673040094
30.454201506391804
29.97637782015985
29.927794007952258
30.47898233273441
29.960527571696556
29.972337085010825
30.46662371308547
30.449839167191616
30.455060770312475
29.953423499853034
30.460346885947516
30.46790565453665
30.45442539297058
30.4647523653428
30.472714351481297
30.455986463521043
29.932073028788075
29.941069876026383
30.48673375605672
30.464939770797713
30.463469173387214
30.49141168291594
30.494707350310872
30.488629928334973
29.932647186754405
30.471178188612605
30.44551259387548
30.501126949234745
30.509462826876007
30.478352834643744
29.96377559673025
30.587137845915823
30.479714985389684
29.97167502141653
30.444758697697832
29.934396045630862
29.954045471637084
29.943133239031365
30.52913042608676
30.472452133870544
29.933066058393525
29.943419506808848
30.556840076924395
29.950881318830213
29.948584819078505
30.465790552672164
30.45505459855959
30.55599060556616
29.986421735789143
30.476773739296497
30.505323694222174
30.469765731658313
30.498143391673466
30.493709355894254
29.96182873698606
29.941652483095933
30.50109360311357
29.92808311832845
29.93751719242745
30.471529542788574
29.942163351074772
30.50178106692084
29.947123950753383
30.545960656350868
30.472335333749513
29.945142021576952
30.45971538253761
30.45661380350053
29.952006600385737
30.503411527772418
30.502132078108144
30.47689281398692
30.465189991968217
31.009651841331817
30.549970829843108
30.458628339410435
29.965830549066517
30.654857035572377
29.92632718813817
29.950146331472048
29.973936194568974
30.464618350701315
29.97641193988881
30.468291314687328
30.531458935644135
29.95998605624843
29.944081290266865
30.505097560195157
30.475286577940008
30.48267521362691
30.464396873020135
30.517672422968257
29.934396432297497
29.927628055231743
30.458398542163998
29.933605980460328
30.47697271269248
30.502188718189068
29.931359820653203
30.471607751519972
30.457447562844116
30.50036012948722
29.931337094088843
29.972207462296936
30.453594234724047
30.482508799100135
29.955432983802513
29.963106502787983
29.939855202143637
30.463851405186155
30.520332160703955
29.971674134278604
29.929729245310114
29.96020042214981
29.939890645779002
30.464721583672464
29.94195743602978
29.942577684399332
30.484502213204
30.5184240028353
29.94335872369547
30.471847854973593
30.484932762787707
30.631800756877748
30.456712521406395
29.92821138130597
29.935538438557984
29.9588958614213
29.982662178327146
30.4601685759863
30.47876069627628
30.50079087863674
29.934664095372153
30.573062700391002
30.453156432097884
30.445737069097717
29.95956506822621
29.944566853312242
30.47852573577754
30.497698388527535
30.449921736313797
30.491122284397598
30.494522469311622
30.4552376186614
29.94128892127115
30.517504471208042
29.938807188599164
30.461582702185424
30.471383646651237
29.936184679485383
29.941460668180582
29.952756791833227
30.460033308678764
29.9368278214728
29.927688172188546
30.48702248222702
29.958616142263065
30.496364268283262
29.974652660751012
30.48735284456483
30.444780050016327
29.933219234186325
29.954424408693278
29.949432900164787
30.505276139896296
30.510776898870777
29.951557283057443
29.947766719442207
30.489514475022926
30.458653798758366
29.975141952026384
29.94498613067194
30.450444900319162
30.54800390450213
29.935600680258737
30.469862018664312
30.469235457272298
29.938667858022054
30.517344185429437
30.451625110884674
29.969361294049797
30.49099149016795
30.50258929513846
29.947850312572196
30.459645015239726
29.93790781871362
30.470995246613597
29.93568575370436
29.993838651434555
30.442451800672394
29.931148134781726
29.932041282428084
30.451354628737995
30.484305029569146
30.013371171616456
29.929198859698488
29.95067288759065
30.46403307903556
30.482461052941687
29.94893636479487
30.45686872525829
30.47657914762494
29.932358057042737
30.537722687685008
30.521846861292584
30.47386931249905
29.95750877248647
30.446678214138345
29.96035726310006
29.955268073440976
29.958254251074862
29.963223664638107
29.940374684004162
30.470217814196957
30.458001794349457
29.944733365832043
29.96767853175007
29.966646478422742
29.935862477960672
29.941860121745222
29.949432507332016
30.48982303707953
29.9880287096624
30.522836721648467
29.97078708631466
30.473175032948852
30.48973412774961
30.469303162276425
29.98792958975807
30.452257910721475
30.492314263729707
29.956759987394758
30.500357396101492
30.499756029626543
30.455824256278508
29.95738212645601
29.934611530308416
29.98375847561961
29.97797799883306
29.96043006517016
30.48538582899218
30.479477432940833
29.96373336487149
30.484573527487722
29.971960786037684
29.956252998024073
30.444363010185025
29.94557535891795
30.524494826264373
30.4727268345499
29.990602850210244
29.978852388384325
30.455434819078896
29.98463190932889
30.49915148584692
29.952631041654808
30.513081485278292
30.461600269333346
29.9428515029512
30.471870440196838
30.621058850404022
30.46774935906984
30.488956535751235
29.939378516139183
30.452577987290812
30.48642752923953
30.52975851687592
30.503104123847173
30.526329518462106
29.935856589642317
30.524201359447385
29.94167106532306
29.958148348139012
30.476199349933722
30.44876742919235
29.97370039050878
29.936723116403137
29.945300491815246
30.50754622331538
29.94517017594665
30.45668808265615
30.45779889585618
29.95028659864616
30.48089712122342
29.951153203371717
29.950741402395067
30.55890500820101
30.47737299773528
29.94427613799652
30.464416569075606
29.936846349362725
30.511648394243046
29.962771330865955
30.45490385168508
29.93912526306712
30.628956828572807
30.48952321394659
30.46564056970511
30.48760462105145
29.96238910392923
30.518200596608526
29.933327923800235
30.46402855536018
30.501344600247535
30.49623864118998
30.44778245094791
30.451540558884485
29.934195223886647
30.498841975140216
29.946091308786944
29.931310734748802
29.94412349923795
29.943437466926355
30.574089699296525
30.581638827356763
29.95949995543218
30.46973878369188
29.960221631197157
30.460718070896537
29.943473394634083
30.449043116164024
30.44567277393384
29.956155805078794
30.49481375963081
30.55674239868915
29.931839305575362
29.930301611967295
29.933296154352444
30.44465907331627
29.945401494715902
30.44499728984551
29.937963622140405
30.508161472974763
29.927843536919934
29.979146383805197
30.48985759329488
30.46412606632114
30.509507456136706
30.54182470132024
30.590615961615423
30.463655811061592
30.52033841280425
30.45282002355485
30.611786105683787
29.94014563822044
29.949236123486365
30.4876664941288
30.52429497486763
30.524933282745195
30.50277034784971
30.524548380248063
29.94506039687886
30.504852991269644
30.506575556537072
30.455112245689907
30.576499754266386
30.44732822708196
29.95578118570554
29.941131760211793
30.727254602041914
30.508093902588506
29.936531463558815
30.46041668020962
29.951687774441385
30.48399907804724
30.486653120493987
29.941799743610297
30.46876354402236
30.447069671804755
29.937736599218393
29.930556862568913
29.94511398755198
29.93781837618555
30.533262478326776
29.954092611831705
30.49573599516271
29.951438144383555
30.509154218904545
29.951407899835218
29.934444285215942
30.456005300857058
30.483654104822225
30.58594065071391
30.00053501476795
29.935055648378274
30.524080945113315
30.46965235694908
30.451268278351254
29.942537406393523
30.450175822574987
30.472530033072378
30.50542621393024
29.946418315362067
30.509154200282115
29.94703522437214
29.942392017151217
29.97324114810112
29.99345163773496
29.9532288827935
30.450061194870376
30.47148324127351
30.504087657180005
29.945526871261226
30.446271866746685
30.45653053383708
29.93681374252157
30.46894701310775
29.944406376249347
29.93523786449621
30.457678381601628
30.45959276652199
30.534443549432282
29.955834775718824
30.451417611573184
29.944276137436617
30.024465883539033
29.944342533583097
29.93769315705221
29.944097260995402
30.555270656821644
29.940869434364693
30.481530266385402
29.934113443061282
30.543024282975008
30.543368052232132
30.493649853327938
30.44533419798589
29.936607574491727
29.95849037284101
30.447417933948696
29.98774434871466
30.45795341509727
30.524953172534435
29.980989932051145
29.992269445262895
30.52026545549892
30.510046561015862
29.93260296378201
29.963727537225424
29.966252341497412
29.96927333267351
29.940301937680882
30.487018009456026
29.976264731133618
29.959115690331828
30.49740665009364
30.573378132058327
30.467002425471737
29.9571785891359
30.45596355243468
29.94291534371484
29.9420247656548
30.525649952646624
30.473357107466214
30.479894525358134
30.528567939137904
30.531679247852775
30.529233258922122
30.44319971267089
30.45825556904737
30.505713843276066
30.447416470111612
30.532237060410143
29.944628126537264
29.93647157142327
30.473502640004746
30.730878074994113
30.466625326893155
29.933772112596067
30.51709656227027
30.481970360980664
29.9274294716314
29.93767195844323
29.948734424286634
30.5178450057508
29.956541626827292
30.54185528603023
30.473612966172016
30.50965297404315
29.927433421110397
29.978254658718793
29.929627888596148
30.55747205501826
30.013535475472338
30.53766308510592
29.957727244630533
29.979211824899444
30.477814145168296
29.944362780289783
29.938497853224515
30.443899462930005
29.93423499650382
30.474778682612495
29.944176182501472
30.543835389324308
30.478018626738958
29.964862374170714
29.936605000376005
30.464290087675078
29.966268523067246
30.450018891639456
29.933474709581894
29.95264413419351
30.527724706952235
30.45795067495829
29.978537625372166
30.454866711953944
29.945147427905024
30.50398010648372
30.46036750531776
29.928169983547154
29.942953306332743
29.93828317988274
30.489452012467286
29.931614535540742
30.47471930017856
29.948389776525858
29.94072970473623
30.60437588413336
30.44606701980375
29.95210284391702
29.95362992430136
29.954999579209307
