1513.294504900024
1476.7979481770546
1462.4887188301002
1460.253695225572
1438.6771165070334
1437.2462485311507
1483.1637534156969
1461.7784424492943
1463.761568085897
1457.6699704780046
1468.7176425880868
1489.8185595118657
1432.427849738014
1480.2423092335548
1489.5613007185716
1452.8074659434262
1446.083099507133
1485.5118545846256
1462.459981676117
1456.7512323329074
1430.9503589436388
1461.2594140920487
1474.839445341729
1462.4866018859107
1448.7950474243783
1465.4990641368895
1469.0798843713123
1436.8281713753945
1467.4960961036138
1449.319976031659
1509.9598220332452
1453.508262351506
1449.5572690439333
1446.4851241425358
1471.0880455520291
1470.5913474545277
1469.9341105848152
1445.2758431723612
1460.5360798950514
1466.2424516041683
1456.9016700080554
1451.5189002482693
1429.32384304187
1448.408820608898
1462.1586869270304
1477.1587256733665
1487.080837020649
1433.8945990974923
1527.6024721432968
1449.6864920379703
1442.6072122134626
1456.3142778515773
1484.2331273897673
1432.3964412705861
1532.4923758137295
1483.9006126061117
1478.481044842038
1489.0577588329481
1457.7780612642866
1470.7547286036925
1440.1213079325003
1480.8641788310856
1420.690539860683
1456.1575471490949
1441.0905761806775
1422.1593231595286
1455.331764252622
1501.0180605368655
1444.8145418064476
1460.9175398855584
1449.26674058879
1434.9283526048212
1495.774577606956
1419.8613727710574
1456.2802633493684
1450.1248196573226
1461.7037435162483
1439.2393293885193
1438.9420681975898
1440.3485935668189
1431.2606448436804
1439.5004409709102
1472.2442302260156
1451.3291445836699
1434.8424257352267
1487.2458021147052
1478.7033842972578
1439.7406529976786
1460.278190954208
1436.631041885559
1448.978527039178
1455.2011803782534
1430.9769485185707
1462.7972598622403
1425.7228142951742
1450.8613532627508
1459.369826947784
1560.0466748761248
1473.5267166614447
1455.2238392234788
1474.6086788053221
1441.1766937667016
1486.2578345330905
1442.3246885168228
1440.447091181207
1431.4490337489644
1455.5151954993332
1480.2688603883535
1427.5632809654082
1460.4379108373578
1437.3824040733266
1444.130012712114
1486.0556787286291
1452.4764708794955
1467.4028043099472
1463.4965429947226
1492.812352395758
1456.3702093971763
1446.5958515705427
1451.3145954364836
1437.6521214473084
1456.3903279167225
1436.7725160662192
1437.6783023712292
1423.9788486098098
1446.7652010028246
1443.135490351882
1472.2795205102332
1452.4955436631744
1523.9006489121755
1433.8078682673881
1468.3855692842346
1458.275944837662
1463.807138940642
1497.9739243760275
1443.1439797228054
1489.349747439356
1465.1292621610778
1454.873297288855
1450.223698922318
1478.9558586985918
1456.1050347543603
1466.1348892483
1476.0703170646518
1445.0892286290252
1445.7127289282855
1456.2072216634092
1445.9142046476163
1516.5805335681764
1443.7020855091446
1494.5411927279426
1459.048142709111
1505.84923170268
1426.594029979817
1495.9170541620615
1500.2350662195988
1429.944676509543
1460.681348055049
1459.067173749923
1437.2115461098874
1502.9612863355921
1456.562421242715
1462.6042148268693
1458.1983923516204
1465.067966168429
1482.6397660660457
1502.1523508579328
1533.4720938407897
1456.7988803119438
1471.9625099272423
1444.144970777363
1434.035544701372
1500.4487527373362
1427.7685229800438
1442.9101970718941
1484.260740905136
1532.0331455390785
1507.4387574914294
1471.3685132491196
1495.6670928703172
1475.7957517123014
1449.5002717700481
1461.4883723140572
1473.2508639214236
1446.6484720059407
1445.105392353789
1446.4094109936732
1465.220872200896
1437.7658629394969
1462.098677149496
1512.4450439341133
1461.1605145795015
1446.5328188675558
1463.185740819832
1501.154581082438
1455.307874335921
1454.098973841899
1494.2630567712577
1431.7839108420253
1452.8432634793649
1467.837498292516
1449.9641599487336
1429.3530544787493
1492.6392224573606
1452.111697225937
1443.655745033959
1441.756895108478
1451.7785386251112
1438.9625288097945
1454.060271979503
1439.7251057222682
1445.8004299447764
1483.5061533715914
1488.1540626186354
1471.5045425076098
1472.6744221226847
1450.0101370848981
1493.08048732743
1446.433975190504
1460.2845962073131
1419.5585350105514
1428.8706663470425
1454.322396625742
1439.6503918374733
1424.962225982428
1446.1013387883443
1445.6059920776174
1502.1279223375172
1501.086282756723
1449.956165320893
1445.4005645542138
1420.047725696394
1450.332153250468
1452.4208190550867
1423.3972829648603
1482.2272615490429
1472.8585039085394
1438.802976839255
1509.9651474690722
1459.2149236568014
1463.6735172407768
1442.9090576152112
1440.7681795782394
1442.2160706451964
1457.816475721992
1484.8176873190228
1428.8350897024907
1447.7659999693285
1506.1779932672366
1456.1093180931234
1481.0058742040967
1466.1033515441168
1447.5644810425001
1504.2269170324773
1440.4778252413544
1437.3337284244196
1449.4228434904498
1465.702376234323
1467.0936119088867
1474.3145296835633
1528.4460421071149
1440.49978806552
1444.5760626004376
1456.1420519302887
1440.0950785970674
1460.6236602112717
1541.3430479431165
1474.7972837832008
1422.3538585472688
1487.6210121116208
1472.4595323081612
1477.6696038684547
1506.9261284147249
1491.1633709512298
1436.0425454064116
1422.6493359833746
1578.229794582154
1441.94437754976
1449.8787870976973
1469.4687919218607
1490.454867142631
1441.7617614586975
1435.9222499483556
1461.6528509586974
1511.634874571831
1453.4619271550405
1472.73831875341
1457.7907473200544
1462.7601270666025
1454.9834444033825
1449.2025262093655
1501.2079987969496
1441.189963485413
1449.857512292449
1452.6998037060368
1481.6397881536434
1440.3271813342308
1467.704536181545
1446.4417316740269
1473.8268793786845
1464.3839881843023
1504.0766871446124
1506.4268006418927
