925.1585120595271
923.7806071537209
916.8765478967541
919.6865401262727
920.4298633356474
941.3664339449049
919.2145335583896
919.8101360632253
919.4120131056812
920.7279182847059
923.2784998437174
915.7635336643193
945.1558983377062
925.5928375012713
932.3984796739595
915.8889629628852
934.5383683440514
926.7980974019111
943.4645551839282
918.699355349128
925.6640665922383
924.4717953615543
929.0245071382827
913.9998101333372
915.6542650615022
923.0753719610505
916.183122750233
953.7713795233423
925.1112876512503
932.4210057001593
924.640527733375
928.988157494051
912.3705137773994
915.6891725030762
919.5443476419471
924.3552582161449
914.5664412881509
931.1588752994285
931.0372962849709
921.8615917466078
917.3753040731805
924.8367070149659
947.880551895746
923.4026198468301
924.5091793986356
935.8843339522924
923.4492718002863
913.9663306360969
917.7632649107345
918.0646749962682
919.869916114921
915.0623008506757
926.7688567164389
920.7139999176604
920.0572046811325
921.6249605321473
913.3695946414208
921.2098655471846
913.8798827422761
924.4700384667731
913.711376120713
920.987133735541
919.8381833833423
933.185378496302
929.2005528055724
951.7117901088891
925.2792869772597
934.0818318452565
934.5475453288063
948.1662788599383
932.8224448913373
919.5060268185614
926.7580542023849
911.9627841313307
931.1894560579492
928.1421414078495
940.3073711658819
940.4987586779956
923.5648023762012
917.4141563342295
930.327482662898
934.7741540084883
925.8016060397078
921.7956260750304
923.7500734138249
928.940771343833
913.9098572038224
934.5343877805728
963.9299559758833
912.9295203234907
922.9313794349354
925.2130596008842
921.8038485003921
926.0829598919256
915.5125990571227
915.4940230253126
936.1461521491266
924.3050571379067
918.3581128743563
913.1981514589843
947.4136370807621
972.7052064288222
918.5255975114154
919.2460478521219
925.9227361373141
921.8711970241005
934.9263721864876
927.6800626444639
927.4481557060659
918.6499465681051
928.7423841975751
926.9662285921285
926.4896790081411
915.796688656408
915.8876163121366
925.7743851019205
917.5061988980035
940.3593000366797
915.5816016860746
922.6158961078395
918.575303040378
929.6407321784039
928.1913326108528
929.8240694923046
939.7064813636036
917.2776908629007
939.0379388353349
937.2700897800255
917.9314126096302
928.3878775002821
922.8611925672658
912.4585036471645
963.3717211656723
918.6071540955903
909.4056322368956
918.9006104524873
930.744840660407
925.9969903867975
927.6544871481541
925.1652165561329
917.0140401759303
921.4473920834429
923.0836458447898
926.3691367624627
945.0477662320592
930.8770019275439
924.2450268237221
911.1246738983718
930.060570507073
919.9909616920145
924.3142828865682
920.6949265213374
948.2025057794838
923.8002071020962
922.1607847058536
937.2887366285062
923.5166231703256
923.9778739502284
916.7903870515308
924.162751471039
928.0335107451903
933.5796096886363
948.4946060365244
912.3822743273174
921.7630871176864
948.3947067405817
926.9708040232218
950.831065164433
919.2494409584306
918.9142749231017
919.8866102535864
917.8648244129328
915.5060608436355
924.0178486252759
934.9217753849549
921.2107949895959
917.2501303728086
919.5925628856788
909.8489471908274
942.4076568025108
934.9371169854202
920.8168022995904
918.8883318799637
932.498951753854
935.5525937556192
925.864150507695
933.1724686906624
953.5679572549186
924.3773011600663
930.9535849433915
916.2028718764352
948.2471861702467
916.9427510452548
905.853603546583
927.8906752104748
913.7048610903548
912.9978001069322
919.5615399955437
917.992799142536
923.5366579998285
923.0338509275991
914.7995968360088
922.8849805099328
933.84717236526
912.2822137716715
917.3988423076016
920.7789207041092
916.5702472140595
928.7857311270166
917.7950350008063
923.2966988376182
919.6027385422207
920.8586521788774
920.279838578686
920.671127276939
962.5963193361486
920.9319923182632
916.5975109245418
933.4399563719991
918.32270174438
941.5937345650466
937.0939801817619
937.8355234015755
919.4489620312676
934.384968347504
918.3596465127536
929.6155368502666
925.0315031350831
936.0242071461983
917.055835128509
930.582828355496
910.2550177487697
920.2915233526028
928.1476907047752
933.3899157839886
929.073453615022
910.6293182120513
918.6848141016345
932.022232408301
919.9582203666967
939.1419468803798
925.8639669684644
935.3057928754456
925.9311008628222
917.6241671207356
916.8207962591312
917.8844757816436
921.7520558355523
934.3848684828432
924.5533667533518
924.8674840625611
912.9853921244135
942.4448461854325
924.7727081392937
929.8075183821512
960.4066643349337
930.1342473618024
917.8371280829607
939.1297280876146
933.8049573086411
943.1499517131862
910.3425839266105
921.1650729208324
920.5616191616692
923.2837159794224
932.7327829126951
967.4660114076071
919.895593169619
931.8462635015176
919.9526344965377
928.739927858101
945.2238829524694
926.796040904525
949.2701433595885
923.0190864770971
925.9727883343985
918.3690326224531
933.8219840253076
934.2889747712178
967.3704685228408
949.8030467514385
921.3799057509426
918.2204539694902
921.1406926671211
930.3174556851734
933.3187814052055
919.3292492278331
926.5343679062229
918.8194480308778
929.9750605904599
923.4771558382215
921.0992563147565
929.2455203863477
930.6633483624713
940.9538754986447
919.5486337868961
921.6616574423107
926.907733439124
929.086030247288
914.5580407510428
925.7461372998746
914.2837994303515
924.0610712546678
