455.33573664338786
451.01319537006987
451.92180885093575
450.2837059398981
451.5176189322964
453.1184253058008
450.5558449039916
447.6119059322398
452.31565280349975
453.5759267053963
447.73923689244907
451.6209559487588
450.79984788857405
451.96934115614994
456.2184903112629
451.925696086577
447.3051138509338
455.78616758891764
452.2707095977483
453.2817068881238
446.8260371690836
452.08055135822576
450.9671609008861
450.65714035915533
448.528827550022
452.3736964606031
454.40892909572824
447.538347332846
449.5462646667018
452.0426741366376
448.73431741898725
450.7959993171019
446.8792506481204
450.5974125300382
450.7514723652428
453.312241421005
449.6324918857671
449.9121576682902
453.97040961870914
456.24276045813707
451.32367713296964
453.00160850046694
449.019647613728
451.64060510953925
451.7288466375361
463.39754710080723
448.15134682279
449.00230112247823
449.7231554047906
449.88740132646205
451.5974334847673
454.2365891047882
447.47111334362415
454.12444969664915
449.24682575794736
450.3193514923677
452.5064649750782
449.70194811141107
447.70763372590767
448.44384428398934
458.9693092131898
449.6061998732488
454.3745795286528
453.4206776560856
450.77627742186604
451.6955884426101
447.79289583597756
448.98664073571763
455.91674368004226
449.3392243312048
450.0219280647307
454.91920827675784
451.62381937925346
456.73147004000117
451.70147799035686
451.9541063069333
449.71651564678587
460.22386883972854
456.4528990354873
447.8087132833745
446.71611475798636
453.17319261128
448.7888065349672
449.3313613349816
464.2705899423451
456.34208162761104
450.386122990359
452.1043340124233
456.1588107909757
449.4998067390743
457.5120975301782
454.0435795570846
451.2863740593002
450.4100146676052
451.93628514945175
452.6003265669804
451.68358027892225
454.6517153302286
449.3846549971727
456.890531672447
453.7394262858464
449.0441615813537
451.9145921222074
447.25197634998176
451.2221041230828
450.0887829118319
446.51169851791974
450.48774723549434
452.6455381835586
449.86148814406215
448.5042739785059
449.38728187760495
445.9354304424763
448.70441179346363
447.3068371426306
448.8713033482494
450.88075948162043
451.8038507006988
447.92126131782805
446.77123267217445
447.2267350598027
450.18814345129977
455.8547281247523
448.55028305013485
452.54722330686883
448.45721446584304
447.69977693848415
451.7788275686727
448.428949199469
452.223511721819
453.70026201515236
450.73648002130034
454.14297485113127
448.05143621475565
452.91067864637677
459.75414870885066
447.75022736773246
450.5715685264787
451.74150628744883
452.0906822198528
450.49791211627496
454.7073015952647
451.58134784374874
450.35308255267825
450.4182229014654
453.9863045968154
449.8574411731165
450.6763971532204
447.36580987412947
456.7537199167104
450.80770064033806
450.93954818479057
460.6059769118835
455.9809033742347
449.2003601355938
450.23946899879303
453.340193075454
456.36507566726084
450.4904392123187
448.83203423393877
446.67038840046337
454.1528911028646
455.1716611870535
450.89528046834425
450.3619534461583
450.2035716528247
451.1702940785193
454.30071460851565
451.1687640238339
449.6327113107583
454.6676362933824
449.5044456026593
455.3363479563191
447.44660188303504
448.6831923662241
450.6317702313439
447.1056663103353
450.24836874567916
448.672706176711
457.2329785216007
447.5422876189804
454.39301679581456
451.2182952114743
453.9979838611016
453.6069032663423
454.734538935962
451.0968690405894
454.85198840459475
452.83327101477425
450.1946333329368
454.5363681267323
451.00936623316187
447.58103342212985
448.8512414452146
455.60336374017527
449.1922246237482
455.77015829863257
449.559082466912
447.89679976802233
450.5302959615277
453.7584780364297
452.2689062988571
455.2470313200027
453.7358312011544
449.24432054174173
455.3147128760387
449.264114415999
450.4092899926571
450.2466274287365
457.27311898622395
447.72162901815494
447.77410352382213
448.66532404939755
449.462388717838
453.11916107798294
452.70248328661614
450.3481951940603
453.1236167253666
454.23657337230725
454.6889779968051
453.9059431181493
450.8678897943637
447.44928462572074
451.98517491290363
451.62636982005984
450.9937096465674
452.68355753788245
454.6183364022606
452.5900908050578
452.2469183846446
449.89342933676147
448.0018884351069
455.7605297971139
456.3896404253918
456.8246585586558
452.28998436819995
451.0408827694356
449.84788076515775
450.40906804845594
449.07512204767636
452.68840359931687
455.4390987630573
450.43352522436845
450.7530267347992
451.1621087097309
450.44733012964605
452.08177309048364
452.67037186832596
455.20564107277454
455.6245398812894
450.4527472608116
450.12280591229023
449.8045388246806
451.0258207503648
449.2593666142358
452.09315557575883
449.814698223621
447.7846971119894
449.15349723580715
453.05944788526136
452.88200400022026
459.40891698799106
446.7934368026344
456.8828152054509
452.0874781809702
455.57678359727765
449.7342379389116
452.1806361196549
451.4331126534746
450.9847790617048
449.84101954220904
447.0858709526148
453.99170003689346
449.8835252297342
450.76755266371185
448.4806133330023
448.38533006283444
449.37724296821193
460.49670425998994
453.536040363524
449.609068333699
448.51369591720237
450.4197784455287
449.63261224128917
456.1573593090299
454.6154217197629
449.9945165015776
451.534334099576
450.7202025619881
449.4874179854979
449.0462909914706
448.7663815900867
454.593506138208
466.02721840626555
450.46786414537195
448.5785959340778
448.8231657002064
447.8247558043136
449.82775390113335
452.0033693510912
455.62672153901406
448.00499243671925
449.7043799354244
450.1653113501416
454.0675162220363
451.14823538771276
446.6474426162192
449.25057738651964
448.97503599712786
450.70890658158555
451.6568757996591
447.5638567070264
452.3479419661084
452.55699521932877
449.6776817707595
450.70526279281734
455.07055193140025
447.68271677004225
454.6807688355492
450.1236932140988
453.419318515268
448.825790502704
450.4459613017549
456.2157665923427
457.9074816984065
450.22936138280215
453.6643815900837
452.1535192343911
450.4224247315364
454.9984786138254
453.28941122335533
447.1183949341835
451.0440488848279
450.57192684479776
452.7479117700515
449.04616079511896
452.1459528918067
448.29688798034636
454.26415360892935
452.21938408544884
453.54353288950426
447.12476926220535
451.1673519904233
452.5882074608555
454.0850682471119
451.4111671341143
451.2085135338065
449.326397006547
448.3632643450679
454.4204435571
452.22020849899206
447.8519122691926
447.8281077921552
450.7782743990443
447.89623395428
451.0881223609621
449.3880221330904
446.0704265510433
452.6965017899253
451.9237542779869
448.22423044255066
454.2782161403452
449.11108444036404
446.26775573709233
451.44292764071486
449.32064538849556
451.83010567560166
452.50458355002166
453.68882362340145
447.7454410654141
450.5693139196251
451.84612945559996
454.04690301738214
452.07253818266884
451.271792973159
451.3564131120706
450.16024247220776
450.15892002466273
452.7567794059495
450.15019065524814
451.48737388203534
454.444589354286
450.8942007501878
452.54562382147435
449.58171294011123
451.64649075839475
454.5552591960261
451.73325028441394
451.3207723465322
451.63806729532547
447.47216830186403
450.10940365287206
451.88298735694525
452.292411803407
450.1775448024079
455.3376118117211
449.45326557225866
451.23980126540914
453.47664203551324
445.84509316000515
452.2213173500564
450.29201270793266
455.00120326973
454.7755310297623
453.6775287989708
448.98929105946036
454.57866889789045
450.00916902183315
452.6253768829747
456.7745304286166
447.0247514201068
451.81229785651465
450.5427319376643
451.2712835061697
450.74325508701537
451.937227933075
455.01848791579283
450.5581727143635
453.4968073965338
451.74940086859215
449.33107291657353
449.9302496947263
451.4572646939618
451.7353550553126
449.7350937003498
450.7761956201067
454.6648321382838
453.7821055340031
452.6718919199313
454.44689913723596
451.16721607504337
452.7687810062123
450.6313773110702
458.9569974429119
453.2865434843802
452.6643621982983
449.60707232629926
457.9239160217867
453.68119111264514
456.7199823141649
453.75003345904486
452.0990281631567
448.5507940303641
447.3370588810735
452.49019300113275
452.0413917693357
448.0621155094847
449.2674843021142
448.86981645444604
456.17767409362
453.9337568244216
454.75756319607666
451.3762142914858
449.7719330271758
449.2352955114957
447.54789269881127
451.9164213768406
450.9899739960044
448.81181805758735
450.9738298795647
448.92645875802316
447.86023549313535
446.96641952647303
447.63745161062775
453.6047637768449
452.3803840557809
456.5034964607042
448.50207487340333
454.75674053622134
452.65890530519596
451.1603533122815
458.9325090505242
449.2711592864083
449.84682715422315
454.90578554873105
451.6042262864142
452.0071491982984
450.8391838524552
448.3048033180068
447.6077334781535
449.9146994346815
452.7376253739647
453.5564542356169
452.9319548325334
452.1291431617571
447.0599319584078
450.8232153968096
452.9039976421153
451.5838193403548
450.67560021206344
449.4169618875279
450.43080086577095
452.51001611215725
451.1745877573086
451.12096283641006
452.3967990700842
449.2655038494112
449.9146428433761
449.8371744886682
451.7597175011566
451.6165779413252
452.9715918065416
452.2815034195404
450.35107893673484
450.84036706625636
448.7738620600719
448.4715417697786
453.4017295492603
451.15282822257944
448.14418417732094
448.62036331309133
449.06401442587674
454.98958715357446
450.43552436572855
449.29183602837253
449.5752571336877
451.2497159631995
448.1175457619825
449.2102799364656
447.329792796079
448.2449045326453
448.2957237474731
456.94762971222997
459.4208657184311
451.43790700870767
453.7226241892903
450.4283692669965
449.80225970939773
448.1860209785285
451.6697952927582
447.5001104790308
452.02045937908485
449.6391096407066
452.06953413054265
450.36940754438103
449.9801053388507
452.4991680500508
458.5985976507567
450.61385042655013
453.22335513218525
450.9613828604577
450.6112309899544
450.0490841577289
448.21398383917654
458.03800155458936
457.75036615403116
450.35719556155266
452.0194241268933
449.05938757344
456.4849516307902
449.1052368787723
447.21695308782665
450.5785780727721
451.91601985357136
447.5338834053268
450.5367608675626
452.930800333848
452.23109018702206
451.2757445344222
451.2189757629288
453.47441352916826
450.4313911186144
450.49113580396397
453.2143947859857
451.10934277691274
452.3019773406738
453.21956363481604
453.4988877436109
450.8824826131936
452.502228545781
449.34836699538016
452.49367846834593
453.33785925236384
451.0146666139912
446.62754977951784
450.5391279668482
452.51745911240306
451.8086999872521
452.1693983407398
451.8175944359054
450.5438097061316
450.0060776790984
447.62958060430805
453.1302822878475
448.17862218665897
452.70442143384145
451.6824344381917
450.01306920015696
451.169813170591
448.3626601419251
454.5265506235195
448.0213420604782
452.21940923677334
453.9688378254631
451.0325552650715
455.15882577354654
459.00687253186715
451.8723061089525
456.6695622724939
450.2752722444451
451.73348410510556
453.09882193482133
449.1083185679577
457.1558368860308
449.4840678454569
448.21933781059994
450.81183862436245
453.0936833496614
458.0846607312866
456.06473808398454
453.4431351376334
451.93856922911436
453.1639862040127
449.5625719596444
448.6089103152959
449.1264397471497
447.9372417491706
451.3713658250441
453.48420023484186
451.8838287572353
452.09691707457165
458.2513681397448
454.880478171
452.7246427753849
449.36551459796675
454.0549878717513
453.0213834433654
449.9132039102253
456.90329983051157
450.06578713950256
454.9365189353724
451.71601160500427
455.2973337122591
450.2447687877034
450.18186893641905
447.0715712375438
451.18824755849204
450.09196637056505
452.93269634773145
452.61562178407826
450.07162869592355
450.72851129476663
450.5873769852899
449.30511306326224
447.78941940598776
452.69076865423347
449.70177981169707
446.82512658514986
460.39169759509264
448.77820442729524
456.758056623999
451.11686314220975
450.04563114122624
450.74687532390857
454.6304279083776
450.5520098551629
454.36621299934217
448.8802445806148
447.2223493667278
447.52653682864894
451.8672954675656
453.784410621133
449.3817857514853
447.75044944746435
453.1241544018921
450.5220241508065
451.6196779670517
449.867817502305
451.9740960556853
447.50177197940747
446.1635705006796
450.66654477768003
454.39934218567356
452.9447653702314
451.1554723104736
450.0674899393615
454.1774854851654
449.93714292293055
451.4464928324186
447.4118183765369
452.4668072445755
451.0311288340834
450.83768757083106
453.4062184243002
449.835575526493
449.6621712947192
447.153186376629
447.3414672405976
447.99784955741274
452.6205747071784
449.8093160446885
450.2336249686165
449.8951132420246
450.2392932414046
450.37378969615594
452.78389141794844
449.1486434995656
447.8605125901645
448.58030269290157
450.036240018227
448.4867414503002
451.66299043489107
450.7060678593544
452.3742981487534
456.31616971752146
451.96994740739655
451.7015041768986
448.1185810643805
454.25335130692326
450.6132394602354
452.2673710104732
457.5062317382904
449.77908182885807
448.27274155195914
451.20797032276283
449.6621252002157
452.1322292428184
455.127286038737
451.68818028955315
452.20408301871987
451.5650776590975
454.802358350916
448.75163022806936
451.63264189183144
449.7172907189482
453.66801484905267
450.84872445214415
453.9741055448176
451.7347042857339
451.7950662872503
455.99125547659446
447.62758121645584
449.9447027896899
448.0099178588422
454.7281723343527
450.4708058249786
447.4046246384635
450.84255196339404
451.9082898369392
451.0601139484756
453.4848955102981
451.0770940333996
450.3168906075903
456.9471942044898
451.8629653701795
450.2785273312525
457.48867561176553
453.6366306977826
451.19644343442934
447.9692244907479
455.40383403455183
452.0692783244808
457.8561783314465
450.154646755082
448.4903856154129
450.62013253819305
449.6874057025494
453.438245058509
452.2096070097838
454.4997350650109
449.47387741992276
454.74411271032386
450.39027754492645
450.2732449044152
452.63360614170324
450.01185801401687
449.8858401504581
451.39368502717656
452.24054367947247
450.89719052303843
448.71189425861746
465.7681518099447
453.7958459955362
453.233331321466
450.6253102506113
451.4345906853279
448.1078302346703
452.55778439963865
455.77333870364595
450.35660578391384
449.75800485178377
451.5273342211234
450.38559522563907
455.55709532762467
456.3940607351153
449.3723529773777
448.145364971013
447.8840135638557
448.30149992648626
454.44644160971995
451.42082277012435
448.6035341353694
454.7615314214403
449.49666266212165
446.46004850568767
456.06925441814843
449.245910704421
453.4008122473222
452.3507199692932
448.9027264086598
451.80181783560397
447.53689349383103
451.6125914844971
452.1247145354811
454.9163280755539
448.3878120146367
450.8109158064147
447.71047830478824
450.9811700834734
447.36049784569906
450.2401790649775
448.80146002175957
453.04378054706217
451.9596365658217
452.34545295274864
449.77939976910295
455.6081216222159
450.44921225657515
452.773923225204
453.35122973926525
452.1259511216435
455.0283630598032
452.59253901106194
454.61763386448274
455.77117734631264
455.4256062637196
455.4388070709698
453.4717231739646
453.40083495025874
447.68001091512315
452.11702528903413
451.1401892123304
450.11786703774885
450.3599462574383
452.2976905307128
452.36956257304973
452.75707227313
452.25868341428276
450.7818139450538
450.8330957110892
454.5728058808009
450.93291017830285
447.3326292354907
449.17557670044476
448.1078040497173
449.2689491743202
449.4437437211171
447.57929951283427
448.40134370892883
448.68979462114044
449.3901668338064
450.24321172411936
452.7140614226475
451.4789820724896
449.49633263122047
449.5901718654957
448.50960421707254
452.64725187274564
450.622859837765
448.9622444440055
448.87271879625575
453.608810323864
453.57985505532963
449.92103604664254
449.42881118651997
453.8550608716748
448.8539367587755
449.9624928015417
450.77711537497544
452.7562541289781
450.4501423585206
446.6801133616168
449.82586578724806
450.99370796192756
449.207254695359
452.8636830345262
455.9038594985998
451.4362040334541
453.71252813756576
454.46277750632566
455.7021760554233
449.18181099249404
450.2619036478612
449.5031137056025
447.68705220328076
449.36885803807866
448.00778261775775
454.8675600258549
453.29196189706045
449.2463332437066
450.80527668283446
456.8923707227167
450.98126366857866
454.33322079999687
454.84598971837386
450.6909871137756
451.8666619225567
451.997962455298
448.69027345762026
449.4749157102887
454.5856104992908
448.0124209359667
450.86267097117627
451.44470612367365
448.5821202133886
451.8359548397917
452.00940277539814
451.9459603274905
449.22695017403584
452.1773774865392
450.6149792755041
449.91038783914786
453.43900059959975
447.3430768227095
449.00500465561333
451.01755098045635
451.0371095133851
449.6874444778255
452.19728195294795
451.79814327540805
451.5312955674684
449.05269397578434
447.7896109416511
450.06101166610034
449.7450108830015
452.73730777195095
447.81855148336024
447.48426121196155
452.6731858493596
456.9044842514668
450.25785882399373
447.5200602582663
450.7236365656039
452.80206664714757
452.60772226226914
451.82136233592695
452.3838938246166
450.5225155636212
452.10923848800684
450.18194883731576
453.9583652872739
446.194029708205
451.4092701538143
450.793366599108
448.7012221254162
450.67638988574754
454.4483294600544
449.33050381919526
453.32222380648193
449.7102680637491
450.1990389167282
450.93382535147623
451.50318400183113
454.12956366640606
450.9765321141719
450.68981189337245
447.2306016807989
452.36516211794816
452.3435381433247
449.9574849334811
451.759220224505
447.45771609818485
449.8733161953775
446.997032063227
448.28559705970224
447.4540379566737
449.06070611054
453.3126001002875
452.5936779295269
450.3763567128086
451.8346694786692
449.8942758614336
449.54697456477027
451.35587653680216
451.6781067029911
449.1929338698486
451.04073769119316
449.6369252562914
450.9356677829885
460.1417171561563
455.38110543058053
449.55044306203297
453.16413550299256
447.6307536766419
449.8589721015729
449.3748094471101
452.08494556633826
454.73684863744126
455.99536537144536
451.627804014273
451.46282816073307
453.68784730311893
449.47402589136817
448.2255397624136
455.1303999097927
448.0856256897718
451.93279269735876
449.4122239362948
457.0207108976087
451.0463006830178
450.91421201408684
447.2625678387742
