1075.340599764354
1071.6471196376574
1108.0416027633655
1073.419311673144
1101.4697628704046
1067.1885964841883
1085.7844576911416
1129.1099847660785
1077.8761806353912
1091.8707845564766
1095.8825730728192
1098.3200040719507
1086.5285406771006
1068.9565247036303
1112.9282122271386
1094.5382390173447
1091.6873018924562
1070.966874459123
1082.3377446837806
1092.3707668667737
1078.6028417243815
1082.5162653454186
1083.2715632034242
1110.117526787547
1073.818197261324
1099.975328062652
1091.2780740762985
1096.6656930995005
1107.8553096925427
1087.7672284221835
1109.9119866501544
1087.332618026511
1079.3380377468366
1067.364780410253
1099.636659586764
1087.6161689125654
1103.910852332501
1099.2506286685714
1069.7787498603982
1076.4826756021403
1102.7778166337364
1096.392484902565
1087.166531134169
1089.878883416704
1118.7629333449272
1110.9479880101874
1085.2558554914085
1085.0195331619477
1097.1462671246277
1074.021658578921
1093.798189970366
1093.3040033017187
1091.342582662843
1080.8619532403418
1103.2728591492046
1089.796092433543
1090.6122187453254
1089.5081167476105
1089.5739037761098
1079.5729479016977
1105.3442855102307
1074.7397080973417
1107.6987292993522
1072.257481144969
1077.9817009960586
1087.892538710665
1091.4735888137686
1091.6032671383548
1108.2069598064406
1095.1496207033865
1137.9444255825724
1091.032997724251
1090.4724606633556
1090.9535965040438
1084.4855466133877
1077.7911226613164
1080.9170665736294
1098.4864228004844
1125.8361575865351
1089.7160160735573
1104.323891732493
1101.8449437290833
1103.3109512465855
1084.484643211923
1088.488678438448
1101.2875684697544
1078.9560809761588
1083.341116912409
1088.9159042943847
1083.6546419615192
1088.3364373299696
1072.1777607656168
1086.007946430892
1081.370851959279
1101.1572171515352
1078.474375855635
1084.6521480503498
1070.2309304839816
1081.368793641033
1079.8192102145586
1079.0100936293438
1077.4959848475874
1127.3069386980874
1087.9477313439213
1095.9611022846366
1087.7152219728312
1084.127291882637
1075.708777601808
1092.3602430946587
1086.087456959027
1081.7194870554135
1074.4252009891795
1078.3782225400953
1078.5060896484342
1103.2026277340547
1082.077046317756
1094.9375396597598
1127.3158254604505
1081.6155004546501
1071.2850654642455
1123.0673850798469
1084.607197263599
1118.1467657902037
1100.1344630092494
1090.99878730853
1093.9944552995905
1077.1706745953593
1075.702971349127
1077.1263821765826
1105.6205734308523
1091.9765163083766
1098.1143375893485
1108.9870969916662
1092.283025990821
1077.4323986631016
1076.3427111321341
1075.9416951651554
1082.2056074510733
1102.265806971942
1079.5258342480408
1075.9302103400876
1081.6848422132991
1082.2157995836537
1077.022469265297
1084.4970986879694
1083.369214963397
1096.2344517694912
1093.4179932780182
1084.7541150669983
1085.810271132264
1080.4750596956485
1080.306761884887
1114.1544569965552
1096.0317418378918
1080.1487467138259
1085.2628186781756
1087.8480075051193
1096.2083418635277
1078.8589744768049
1085.618109928119
1115.2010001162653
1110.5675321229428
1083.3171095919738
1085.4610921350418
1082.4089906353051
1076.5419711563566
1089.2221441016643
1075.2024157070937
1081.1013750791365
1082.5069319652819
1094.5629873246023
1096.7997265172692
1090.1887095542006
1083.8211676938338
1091.964223692437
1104.9253759037572
1104.8930324129317
1084.4334310417448
1082.954766703251
1094.77521038635
1101.6195872795538
1106.3608805076108
1084.4541755945745
1079.6300108134383
1092.1778764902404
1065.7922871432716
1092.7580977055754
1088.9603368851554
1093.0501087725806
1090.6996591998402
1077.2155349554127
1074.6624271853605
1098.7780696991474
1079.8609939621438
1104.1265773908954
1071.5666053806967
1092.3504450820951
1092.7577228196485
1085.4684227212797
1075.0878786980174
1110.3793657286749
1083.395923793969
1091.9815025646692
1106.083537813588
1061.8607190158264
1094.3494522693516
1076.5928919124674
1081.7121476882678
1082.2922838078262
1081.9986052638114
1081.5842669756119
1103.120715437456
1073.1653226887113
1093.3420054710045
1073.99326473621
1124.9707472571804
1092.501690404129
1120.6424567069928
1116.3939144070603
1073.3308756812362
1093.4635879980372
1084.3109155698355
1099.426073117888
1101.7583912856392
1086.8904759855482
1097.7523834819997
1098.8870406723925
1101.8778180076197
1098.1194721681654
1086.6747007496451
1085.7258043505253
1087.1044589443638
1094.8016917549091
1092.7905934307983
1086.3500559508248
1097.2534516501298
1117.6867025901024
1087.1607943933273
1081.9315610140336
1077.2765751430072
1071.7302360692586
1094.3364958061975
1105.0163091623144
1093.0258312941585
1075.834959996063
1122.780668026053
1098.2018033104969
1066.5344334515523
1104.5918146515182
1070.434695178971
1085.6490844535383
1074.706694016671
1117.9983968904187
1108.3556197478508
1080.1580968192602
1074.8885334799136
1093.2605889189701
1084.4004681096778
1076.5688871240893
1083.2745309496902
1086.8960076573005
1073.286162734689
1099.4381238633655
1096.2838476174722
1078.6481934680608
1106.2348990240096
1090.4325200114324
1089.9204745551574
1099.2887412365628
1103.3331037969238
1069.9729470868463
1085.7299912680683
1090.4763847642137
1091.1488969091567
1074.9701877081814
1094.8355341516724
1062.902677056391
1069.7760022067478
1087.2257672298092
1110.5174498088707
1077.9707642868239
1081.8432265024665
1083.090516072976
1095.9424653527317
1072.8722060930904
1087.880966306108
1074.5794558600662
1076.01705839451
1104.8669125099377
1078.5177069656152
1106.1577107128498
1105.4659056047126
1086.379186883793
1072.0038176624885
1088.9860546774778
1072.1876956621657
1109.47238387025
1081.414079975062
1108.954422010682
1132.1491331667658
1073.056701115148
1082.1191841852658
1078.4655450238272
