966.0661094792314
978.6580113807483
963.4724973847539
972.4508386146916
978.2778250924868
978.776183411609
1010.6682289791333
973.5255720272909
974.1914801183189
968.8046287192527
989.7022815783048
986.6657342346101
989.7848849997854
984.8037118857305
963.8218748418923
974.0644348047273
969.7126154335253
975.1262248389297
972.8278263385622
973.4366575475561
967.4607430452093
989.8680880040453
980.5163711060163
988.0061094445216
1004.7634001750856
984.8502885692635
963.5337530521109
975.091177545343
974.823451850777
1001.0744634121334
982.8691910152448
971.4077215337865
972.4775547177657
1032.2207720252761
974.8533458024699
978.2634012476287
965.0135290412451
979.6599871385263
978.8637084704101
983.5677388042734
978.6873543546002
989.7592005805261
974.3194984265347
980.4280128924472
992.8603256612652
974.9697249913364
976.4072886235857
979.6469289269672
977.421634607962
968.4500978487404
967.8510444627635
971.2794923568661
985.8830545841912
980.1503994142818
972.3856035834216
987.3420054562721
980.9401680870508
977.2861140465162
961.5734248111377
987.4316656477332
977.4955286708806
973.0676081334451
977.010584013242
967.7804388754724
997.8486025189632
1015.212772270527
994.985102873669
974.5671504480902
980.6454369679948
992.8822190497631
973.8773343904107
993.4949745177905
970.3852868734621
959.5614200545049
984.2154217769936
1005.8560621113301
999.7624245361759
964.5727914331463
976.5665033352122
969.0788028424857
976.2485713165937
1020.2440094303641
977.0541688502459
973.2836947553667
968.9362907842334
960.9871460291832
969.2207906461227
967.9388727632554
975.152663034932
968.4521006962776
967.8916861691686
978.4916251939995
973.258292402205
1022.004306981868
969.721838480303
967.4175187101864
964.3863587285484
996.3268084447743
975.8421261327288
982.6021057244649
970.8194795023592
966.5317988844794
995.4542788712822
976.048298347152
975.3274017489025
981.9618529424466
982.8742159997282
977.1435092710342
965.9198635860544
987.487331962423
980.8178242087304
1006.7988273554053
968.912834822528
963.2304720830249
962.9257370900993
996.7414668712997
984.9898280435015
964.9031655272853
975.5684615645685
979.682036638844
988.8043415970714
970.7188420963163
961.9492231691252
975.4699305539011
982.4393398967379
981.4461296773118
983.8844863222881
980.8913892837345
970.2875925502387
999.3955670339454
983.6852775236972
981.197927310274
969.411241768602
985.2277605910581
987.0367113414367
975.6475988386386
973.795092218113
982.3299198383512
970.8045351615169
989.766739862321
972.0180471926577
981.6814591439525
991.1009531536109
989.3915532383219
982.4378616596993
992.5597786375964
969.1968957683762
964.9911146282698
969.7749819469547
978.6426692524883
982.5313589816427
981.0165870034086
976.846916614092
983.5878059192985
964.3129327716625
983.1793612009349
967.6959456303765
970.2691393031826
973.8137759747121
978.7771170028626
973.8558635359273
969.846975383523
965.883006625324
965.0565134964106
973.3391259846159
966.1269157635257
971.2105032931186
988.3694250600229
991.9365764495559
980.3519730599181
976.5205860304418
982.6209064074334
985.3450283041884
969.3899992977362
980.0318400731894
970.5085787153661
972.3193764677967
979.2807680424336
973.0194513670285
987.3886451240496
983.1593582768986
983.567012057813
974.5992086325698
967.4886395459432
983.5694850043474
977.1986454109427
990.2456126002654
978.8655898037194
976.8313954448806
995.5015008673976
961.0672731710654
978.3519617920515
971.6757673428705
966.4054001058445
983.015338588517
968.9122744848627
974.5589902651587
978.0636717752133
980.5493138258437
970.5729496520241
978.6519013694761
970.1479690533313
973.4818453834354
976.5111451011703
983.2974888651122
972.6808354417549
965.4064858124037
981.227756032456
973.1479407983169
989.8587741176902
976.7800551962006
978.7883211593619
979.4287911818858
965.9919623761151
978.1086080953286
978.7066800766607
978.7693574845944
960.9322786921628
987.8869991055218
981.7877606367646
1005.4924922232267
973.1128754355148
995.5249537051897
967.3085133485296
972.4067518666701
981.9190653677449
980.8225922185983
972.2993920087806
969.7493343605486
967.7100848945545
980.9807287912827
967.1646196812565
976.256460896723
977.2798263189397
1006.271777200296
966.8031050551283
975.7298653682315
977.4352723297917
984.7055253131357
984.7515385397885
1001.3132502126721
983.5922200619214
968.5240186522952
977.6418963318044
986.6291880551476
979.4232419925893
971.0087024877644
963.8238861195322
1007.3541045504271
997.5319816206465
982.2646258399233
968.3936435713468
977.5227962908551
989.1320103932126
970.0202228932477
967.2084553859897
996.5880014295045
985.4920329386499
961.169363152274
980.4397808364487
964.5112433179759
970.5765316953816
997.7819992134278
968.6363962570417
976.8778086577832
970.686913995082
966.0539303793495
990.6576185274512
964.7838245113916
985.9578459848876
957.9501818830826
975.6278174377971
968.0245370972451
984.682711913428
981.648393355661
975.9185404966025
1002.0346413970659
971.6851135568285
970.4746460443752
1014.7302894304521
972.723648059218
964.2185533622104
969.8190148074528
975.7373566603045
988.5732062839137
1003.6019147513041
983.1388695758374
995.2918139964754
992.2748921634259
974.014917024621
981.5305726029421
976.1333949950081
969.4983201351968
974.6802020457143
975.9970946307574
975.4486024050741
990.2093939016123
1005.9742432374762
969.9281439056267
988.6632691751604
980.4804885016185
964.1282433488731
969.1337871732975
