6.883190456265436
6.882434398405224
6.882871605643113
6.882268152216331
6.882802356999524
6.88669503700034
6.883816070347556
6.882866623195303
6.882784200199287
6.882212244174131
6.882212193559028
6.885145221789632
6.882252552524767
6.8855964804254
6.882754395919569
6.884319718521078
6.8890964089548365
6.882379712399647
6.882533824928357
6.882490068174853
6.882739373281932
6.890421456392304
6.8822710424759705
6.882182656587752
6.882256734997433
6.882227737009817
6.88499131151339
6.884344179228431
6.882155627314535
6.895337979712925
6.885084500259818
6.8823864200827325
6.883250786938336
6.882733364316595
6.884474079641039
6.882545753093778
6.882601791087998
6.884204123893107
6.882610484095583
6.883040212058981
6.882816725535217
6.883335122223301
6.884240684933277
6.883468861686939
6.8842540679749975
6.883387346028348
6.882876218209444
6.882970413303056
6.882616824500301
6.886275988637443
6.882578769582042
6.882782465670697
6.882824879373062
6.885147658679149
6.883009999360593
6.895653350147506
6.882429861167694
6.883660696624393
6.883147237375392
6.882940365748156
6.883647607571104
6.882269056851517
6.884268307440957
6.88239932070058
6.883683591122086
6.882713441166022
6.882411548902335
6.882243567114164
6.8827892059233
6.882541683189091
6.88291047385743
6.88275216590508
6.883665534930654
6.882473922020032
6.883118430123474
6.884679319156414
6.882834892951722
6.882902378277192
6.88214873670717
6.882709086855755
6.882264285142392
6.882275078296692
6.88244730042109
6.882516806280893
6.882378464752243
6.882512270998215
6.8823837180436325
6.8822397510830635
6.894911953358587
6.882079166674662
6.883064947864794
6.8825937012621
6.883521388871219
6.882368177233042
6.882143098031557
6.883821220018718
6.882526414359686
6.88331285897027
6.882320891402206
6.8827941848696215
6.882924899087855
6.884934980788072
6.882331336873221
6.887020364238869
6.882521740241954
6.882291358274062
6.882587766317035
6.889607941946438
6.883118740407813
6.883423121972512
6.884929043372895
6.887085961950462
6.882877217024872
6.88231188383939
6.891638890603882
6.882473510045754
6.882168440432146
6.882395245969363
6.882587945316381
6.888981648897625
6.882694458176185
6.891069855375158
6.883031725045543
6.882766605119828
6.885304592064855
6.882614802331558
6.882198199483565
6.883142809361258
6.884083497143723
6.882899990675745
6.882289252696452
6.882587316627279
6.884598573443796
6.882926853211672
6.8822695150772475
6.883594866800691
6.882765245433211
6.882542361651717
6.882539552864954
6.8821012862115785
6.882469474943753
6.883033383329009
6.882384895317166
6.88243695285519
6.886706437606538
6.882995426260596
6.883126111892522
6.88238391730491
6.882534689918252
6.884185166569534
6.897183961548164
6.883313545701294
6.882263157051373
6.8822233540579925
6.884358628626567
6.882072728703012
6.88219908570535
6.8844270766490965
6.882653831593351
6.884532109178803
6.882359819434419
6.882268951883289
6.882600760180188
6.88246784093734
6.883053825322029
6.882273202900657
6.883156249669912
6.882279069575429
6.8920992212372205
6.883913753309426
6.882980803804347
6.883397588436389
6.883190151653743
6.883031153052557
6.887352117082358
6.884077729202648
6.882151772789233
6.882526091783942
6.882455515895654
6.883172498830758
6.882941562994117
6.882456104996252
6.882744415632913
6.883032616890158
6.882576995341389
6.8824122671221275
6.882266946967251
6.8830582563496225
6.882628679572147
6.882511776317536
6.882848656834341
6.884740953790828
6.882285031134751
6.8820140606942575
6.8889426268928
7.830075963638006
6.882292104366657
6.8822576411653476
6.88266715343414
6.883910569867704
6.882838981142539
6.882277617570205
6.883614503284188
6.88277122834556
6.882475597210271
6.883172619953861
6.882906096638351
6.883818095040364
6.887253193773268
6.882494632351925
6.884622826675297
6.882366683470592
6.88281848578385
6.8823733662143995
6.882689866821939
6.883455148970143
6.8842492312023325
6.88232044245586
6.882090846248325
6.8822091657291065
6.882606172875883
6.882870675555193
6.883787460203143
6.882188650005707
6.8823458918470815
6.882440540735396
6.882246023366443
6.882275099257592
6.882220713775311
6.8823112644628175
6.882808771647205
6.882323588064361
6.8823658981535445
6.882243298213893
6.886262021654352
6.883834530446201
6.882266195797829
6.882297288936794
6.8852362227279205
6.882240295166357
6.882930081183661
6.8826360915360345
6.882434497726348
6.886527041817544
6.882905941902435
6.88333035586201
6.8824427496242
6.890924607371434
6.884168407174978
6.8822244720242285
6.882991890554868
6.883385023584088
6.883931296281695
6.883011021075051
6.8831169402682475
6.882420506132007
6.882545518092003
6.882406674034904
6.883469798898657
6.897382264044759
6.884244477302427
6.882243755298428
6.8874245645058405
6.882217104985126
6.882177219454312
6.882246007817464
6.882364449889905
6.885235181804429
6.888946279795773
6.8821941039911065
6.8820685540363415
6.882334816973689
6.882697566136425
6.888678993750699
6.889637270691543
6.882313362497197
6.883409957052694
6.883675410755287
6.882427371671927
6.882566766082988
6.883337425651849
6.883243227162289
6.88343138312284
6.882679283146784
6.8821338869087425
6.882406969401392
6.882128113249371
6.8822426479615215
6.882526333152164
6.884126575096183
6.8828641986589325
6.882948344769291
6.882440173578064
6.882081651425478
6.882189954738179
6.88352713832532
6.882362449408511
6.886797625546928
6.882403476993343
6.882675334393932
6.883363880456654
6.882881451055021
6.883098865466005
6.8824661531576465
6.882270241621925
6.883113893151418
6.882378149188689
6.883700533597813
6.882421748768549
6.883036069954079
6.883332628950232
6.882860218946435
6.8833393668562435
6.884261821024964
6.883903924651799
6.884263037682304
6.884297576807865
6.882247591882418
6.884895581784587
6.890661821575614
6.8827109731643565
6.882305891512554
6.882774968286627
6.889999471627989
6.883098163600574
6.882620593736536
6.882355313641351
6.882125110483565
6.8916026786299485
6.8823094610670585
6.882383531418611
6.882931116943444
6.883337348799696
6.8828577743653545
6.883617479413388
6.88216318256031
6.882119016960485
6.892098758496386
6.8820335522157565
6.882059470511584
6.884360392682453
6.8848376781363045
6.882660418514773
6.882133493679134
6.883944672619303
6.882339639920555
6.883106738737689
6.882965578879544
6.88236945671228
6.889069409528201
6.882462481528376
6.882836210561626
6.888396925364985
6.882420721114924
6.8826250992227465
6.88663978412713
6.883965038285517
6.8824866389453705
6.889872749787574
6.883674543479539
6.882359181145437
6.883330981832537
6.8823310128240625
6.883865104448427
6.882627617049128
6.883444897345783
6.8830764197533725
6.882445568023012
6.882304889927293
6.882567609306227
6.882756499810576
6.884506270118856
6.883447746451888
6.89439766943253
6.8928021727563165
6.882417334442836
6.882424192779939
6.882231033699594
6.88271475175454
6.885291391810077
6.882377782356443
6.882416533489721
6.885978763228
6.88217284850442
6.882518812185418
6.884087349992168
6.882487710044418
6.885110942937125
6.882457741041446
6.88267195930787
7.833370004815849
6.883211664926764
6.885229210252369
6.882623085544926
6.883234222528755
6.886840662551355
6.882431774745189
6.884125662129656
6.882694391612241
6.882346537701074
6.882898676009997
6.882424652371766
6.88427605642005
6.893640521750332
6.88279951501181
6.885795163752441
6.883720408692963
6.88307674501971
6.891248051573335
6.883572519173994
6.882546271220367
6.882581011220019
6.8821362636535985
6.883302483244745
6.882648891838203
6.8822925523629435
6.882745304617954
6.882256659456941
6.883944097869325
6.88360450308405
6.882619048758849
6.8834273909156085
6.883717674111573
6.883705938329057
6.882962256257174
6.8831630520242335
6.882086837933052
6.886114863086173
6.882136875727012
6.8822505390373045
6.882357373011864
6.88243993016478
6.884020870111972
6.882892785188918
6.888521060752718
6.88574146642771
6.883657356943434
6.882370184726986
6.882208950417325
6.883104618780099
6.884858557962902
6.882898651268017
6.882113337548307
6.882516526876378
6.898259108457854
6.882092510019188
6.882579321429819
6.882236477655724
6.884788236213693
6.883588597782863
6.882491218357208
6.882521164310924
6.8827722853915185
6.882640932325245
6.883658621713222
6.882267045943777
6.883290011573552
6.8855206328279275
6.882496475682114
6.888886038484351
6.882268797703982
6.883132822326214
6.882625856887558
6.882425630959926
6.883204803675869
6.883048324726154
6.886041231105472
6.883383767580843
6.882979419113152
6.885127502420195
6.882809076891614
6.883248572249649
6.887099079710419
6.88471429502511
6.885063058273911
6.883295707947437
6.886287082269716
6.883676811992661
6.882776526482165
6.883832349982731
6.882757326901511
7.866027529306065
6.8951757477705655
6.882211605900953
6.8823566049952065
6.882065875997494
6.882436632709875
6.892851653676036
6.882310081928207
6.89417316198225
6.884308444335961
6.8833617809425505
6.892796729668348
6.883830127596535
6.882260239389077
6.883023047389728
6.882608252224581
6.883332133406512
6.89402718475279
6.88288379249039
6.882052533986974
6.882947213884113
6.88452570219626
6.883206293854018
6.883182163973479
6.892597499171473
6.882515492099295
6.882533191029975
6.882429023606077
6.882128393499808
6.885284082334179
6.882518779790819
6.8862138229265
6.8863297653455255
6.882955543921414
6.883214325233412
6.88300181723348
6.883491872279818
6.883182441084554
6.88267914856281
6.883783639364494
6.890409179724102
6.889295039093552
6.885372739457528
6.882421536173908
6.883818714464774
6.8843856597432325
6.882800081691449
6.882021456196476
6.8821943627553335
6.883127017962843
6.8822361977766855
6.882690600585488
6.882947877899584
6.882293564431416
6.887965449487132
6.883309049480572
6.882467748403228
6.88286707186052
6.883506991955183
6.882505918856938
6.8826082828953625
6.882921348938991
6.88356694949743
6.882547438558321
6.882935915682259
6.882338535831296
6.8823557315071415
6.884103268265204
6.882265853805505
6.883667035029269
6.8831188139223745
6.882845045713748
6.883406144797366
6.88383342300309
6.882579513582249
6.88501422774142
6.883186063064686
6.8833029263386925
6.8828240340259095
6.882242293325986
6.882412550883855
6.882950869574341
6.893429485723684
6.882318409982229
6.8835376376726245
6.883165083129138
6.8822476908831804
6.883303984938001
6.883111569702134
6.883415736823593
6.887521455362386
6.88691658724274
6.882512027513853
6.883086387463099
6.883448486928646
6.882712172891556
6.887191630421878
6.884991810062364
6.888942474024354
6.883773322694884
6.88315717037772
6.882483095901554
6.882293147267713
6.882544153062591
6.882365839035449
6.882910655191786
6.887647823868272
6.890730087279629
6.883139525016298
6.8822575746869
6.882872965515091
6.882464735854939
6.882278523264356
6.8833822101448305
6.882180423629093
6.882914263323616
6.882246512987701
6.895790117050666
6.886349189707537
6.8824678865171975
6.882828835563582
6.882295481968343
6.883025668359057
6.882965356402996
6.882202384391249
6.895484713121425
6.882175915964637
6.8822250602151325
6.882308632874797
6.88410496651008
6.8837620819112075
6.884548488169172
6.884192438577081
6.882434815448407
6.882108288786999
6.882613050473892
6.882366946886942
6.883439233773719
6.882410339498826
6.882589422939118
7.833048482691653
6.883127353772852
6.882575137917926
6.884398403503978
6.882282712519626
6.887516754820899
6.882644972288581
6.883515039020143
6.8839736644717195
6.883363964224039
6.884109342447347
6.882425837330956
6.8827437701921115
6.882358083974474
6.882187480406508
6.88495274669302
6.882415093860662
6.883121808229743
6.882815715908631
6.8824814258980505
6.882998318565432
6.882849755297266
6.883563267461706
6.8843353286547515
6.882337446128175
6.8826294293628845
6.882291606252211
6.882214649962331
6.88503015416391
6.882781401705633
6.882549779377946
6.8823902618074495
6.891313333356806
6.883403403410663
6.886778828434457
6.882474696830909
6.882268071916755
6.882331406856173
6.882501357863859
6.886543193095672
6.89159286813929
6.882697441017543
6.882324958555069
6.882494141197374
6.883894635343527
6.883842620955479
6.884236762655981
6.883111824478343
6.882942411594921
6.883363929372814
6.8821483665849215
6.8823007682015245
6.883374901160283
6.882157000098053
6.882987986293594
6.8863219702595115
6.882481950089335
6.884055989700971
6.882467219013664
6.88314189703271
6.8820291459090255
6.882252798100844
6.883776907133474
6.882761328833745
6.88346925123543
6.884671844794127
6.882284658594963
6.8844206801759595
6.889067125087715
6.882567286155089
6.883295063128004
6.882131371582438
6.88208929585067
6.882213848443197
6.882289225475949
6.883089855997772
6.882270573045882
6.884027718427575
6.882217041850729
6.884979976178375
6.882461241078759
6.8827408543810265
6.891670855135468
6.884919811729307
6.884644844101039
6.88428770880192
6.883607051519677
6.882791716190053
6.882262043802698
6.88243822114219
6.882770158505441
6.882562939445514
6.882227358961093
6.882243881351019
6.883233602405408
6.887960155018529
6.882410713605674
6.8841408743710595
6.883112647120281
6.884054631960035
6.882207257392641
6.885257035327559
6.882508790373798
6.883449309775445
6.882282624850001
6.883770185759308
6.885562258659586
6.8833118107799125
6.882818065910014
6.882128685332202
6.883256314909685
6.884559096544367
6.887584718011272
6.882128626835874
6.88257568515285
6.883322575830846
6.882583937835996
6.882117364524084
6.882268805083373
6.883876671546408
6.883517620253811
6.882410404108403
6.882943906949253
6.882790594105191
6.882782500769922
6.882297492644742
6.882897971397139
6.882930491760501
6.88234873297507
6.883320634301903
6.8846791332952435
6.882244690745712
6.887386179869561
6.882850648887539
6.8820683476042195
6.888627843465595
6.882592083131143
6.882314442046274
6.885119573793901
6.883572979840148
6.882908624255042
6.884170438876379
6.882811283792702
6.882673422394265
6.8955724305724395
6.882871881838477
6.882185927441199
6.88382867757542
6.8825207616690935
6.8830425688478725
6.883043898823292
6.882301754375739
6.883857906034369
6.885641785768868
6.882733762701776
6.882508233364373
6.882577472582189
6.884427740762824
6.88263555320383
6.883011789678861
6.882667441436878
6.883455189409341
6.896905270383992
6.8893235597390925
6.8829024827960215
6.882958586015593
6.882881594435441
6.882301200519229
6.8830154847048295
6.882581295746669
6.8836342373291615
6.88305658307196
6.883834824706769
6.888097362278731
6.882519911537119
6.8825035678765625
6.882633022008801
6.883362234398102
6.885040610766073
6.88367755434212
6.882315334583546
6.882365585242577
6.8867263627942155
6.882966166322662
6.882660675630538
6.882624627425913
6.883226570589089
6.882009405082246
6.882476225342685
6.88231360052018
6.884459661569886
6.8834329771340705
6.882787734222283
6.885041021803757
6.882992371933557
6.882360148904726
6.882696351468082
6.882390916123563
6.8828341139318985
6.88540642792406
6.882180061649076
6.883274108405724
6.882138807879257
6.889050949463758
6.882590953936993
6.882273046989266
6.883819576154507
6.882512952601269
6.886276157679781
6.8842549785927165
6.882527846350761
6.882801307377196
6.8831427377836745
6.88404500987932
6.882185373473704
6.882630436346563
6.882722267345812
6.882273783547749
6.88259213332426
6.882619535980998
6.882613549191509
6.88412839226668
6.882672434337448
6.882359059111977
6.882968872230839
6.889739675490715
6.8826725731794545
6.882410979032012
6.889117697454554
6.885457585417921
6.883863193578802
6.8886380358993184
6.883040444309279
6.882701437876858
6.882221811286111
6.882531520705855
6.882852724343039
6.882126371419584
6.883152693658613
6.884603203592067
6.882478570510221
6.884082087565539
6.882251162058047
6.882367306276674
6.882188650745693
6.883399407935011
6.882975689814927
6.8857203639699565
6.883385137281698
6.883083349743561
6.882216500254619
6.884464035012975
6.882192059943328
6.883271883933243
6.882401286212897
6.882735016350317
6.88390944569083
6.8855348291478515
6.882345557164362
6.882022112891351
6.88249587373988
6.883131489573704
6.88264105514854
6.889518042515838
6.882878810378275
6.882891156200461
6.885360450674871
6.884047318178078
6.883026288337409
6.882458153617472
6.882255767881339
6.888391940761297
6.883570754670255
6.882660995658034
6.882483177150498
6.8835744983878016
6.883037071305392
6.88252417019916
6.882626610118575
6.882736887357579
6.884320553029653
6.88326289101808
6.8838046700777875
6.882500016123208
6.886045036478797
6.882910660238849
6.882308459990104
6.882982965577109
6.883397790485392
6.882313946897419
6.8826707742143745
6.884780765453545
6.883418301019182
6.885562743702682
6.885347886501178
6.887399092515467
6.885041312714465
6.882420385201081
6.882689189950828
6.882738253325782
6.882859716073737
6.883205635479839
6.882391645127283
6.884024329406863
6.882296212557318
6.882301616971494
6.882607448920402
6.882290505664332
6.891388339916197
6.8823894293399475
6.882433173364015
6.884223686424754
6.882285714267688
6.882298145346581
6.883400990679601
6.890188203141293
6.883838479644878
6.894231143265646
6.882460506944385
6.882578276090875
6.882118966315101
6.882250123285062
6.888558310168922
6.882304349160569
6.88323925131008
6.885167037177586
6.882567287597715
6.882387334646973
6.882864216852305
6.882970963834989
6.882359838087144
6.882569661351979
6.882446467796216
6.882580161239073
6.883810616565795
6.882197885795719
6.888292926343673
6.882404473065726
6.8882375926149
6.882972743458131
6.882535921883945
6.885367005024467
6.884103791895483
6.8824256695489225
6.893891231475954
6.882746558303605
6.882708929794038
6.891581730713182
6.892320913093545
6.882583504881734
6.882624472257896
6.882708201692413
6.882828485759803
6.883231497405774
7.82914605301663
6.88277668880931
6.88457516753788
6.883559700136922
6.883309755673864
6.882507132627142
6.886686364645789
6.882354389846299
6.882221901823309
6.8828176122451135
6.886820158306413
6.882235756156209
6.8830396062087695
6.890593492703341
6.882652051743541
6.882892469252263
6.882604902591299
6.887717309065037
6.883639188147602
6.882137603268109
6.88212367266926
6.889734770619819
6.884551710388403
6.885869112272856
6.882163026704899
6.88252705491313
6.883206182642768
6.882414382114813
6.885341106478725
6.8960558993330245
6.8827791531730425
6.882697356901474
6.884209290460495
6.88294992518374
6.882310774650578
6.882581959192964
6.883180252260123
6.882609761423062
6.882182161830154
6.883198401576374
6.88228968819182
6.882327247227423
6.882500706657322
6.8827139668109645
6.885491003997391
6.8872202345583755
