817.6972200942022
815.7833816898271
819.7180993010987
825.5653124321714
820.1103032805693
824.8486519724718
822.9560839265299
846.3354517066218
840.1419256527571
825.2113783797171
833.7879899353484
818.477486458129
829.403878550333
834.0761471034115
819.2115309340339
827.7877515231727
831.4702291205258
836.0301037435656
829.5851291896074
817.4704943789237
814.7037970505437
834.93672780602
843.411125758361
820.1932469148221
823.9358605954362
825.9557098037458
835.8876211127555
814.9199578146091
813.1983926636891
828.9299355462759
835.9461287889708
817.1339096070932
822.293950462406
822.8441310349302
839.2564849773431
825.2329733691207
824.97295276153
824.7983280957744
823.8211171578372
816.6938962220358
813.8120699316505
825.016083140745
839.4388647611574
835.4796305110528
823.882140299876
837.2591246878166
824.4698085963851
816.4964231705361
815.7829150064562
828.3207425378412
813.4186041734745
816.0844360390288
823.3188613370085
821.508730193977
840.829584092933
828.5775785631647
825.7622771346198
824.9880621412672
824.4005397651744
843.4879767843838
836.9282132146553
818.3186564941014
815.6356270220969
832.8882239365682
814.9435950466487
840.0812693485772
821.4132987043276
825.612237990876
816.9415118666037
826.335274457804
846.4507787505806
819.3250236116412
821.2860552679372
827.7771437270585
845.2998209610394
822.5049994574954
835.0013239329357
826.2613806692729
821.8468736678599
839.659936084511
816.9120577918909
822.479645916649
825.5893928979928
820.7853612860813
818.6859813189863
827.5340561105684
825.8565754348492
822.445330683288
829.0647752733736
821.9111597279699
825.6011530847944
819.8160154535274
837.7545720132226
819.8402292688876
822.0464075599895
821.5799461178988
827.8978586937895
824.993424450416
825.8344721648854
830.7196383646258
821.7005323194709
849.3204520713666
848.7136438032652
822.7423100132409
818.4861013472179
819.7099497180434
811.6874512070086
828.5540452193902
820.9620945579622
829.9819822216105
819.9536806436936
823.9187932694206
818.8851053991484
823.790707149095
822.871181057179
829.5047668386622
813.3464872594968
816.4326364214505
827.9178706728404
822.2251064212123
818.0579343803821
827.4250691161985
837.5607909369648
821.0297117032172
840.586510361215
815.0078652769462
820.8940369762115
855.5597909825054
820.8237376393462
821.7058486331284
821.8992226120479
845.0676990253966
828.94740423505
816.6517359550866
824.9672691273989
817.1947210724313
818.0054096230326
842.8719214239758
819.3229081619573
827.519355487276
816.4393800762952
841.9763760220261
823.3209469610684
820.1340512986538
822.006674442928
830.3877382243024
826.396341441303
826.9237555976939
825.9382845448124
824.822137238994
828.2395142939172
832.7634755645458
818.7691520913367
830.3513659210491
829.5030911913269
819.2015661362939
822.4275321081645
818.6423060152083
815.4418655138039
835.7681378068364
849.2206531176752
817.4827395184368
811.9568841088823
822.5461974501609
823.2169365948512
821.4356508820227
816.4295778653908
834.5020822510704
855.2959452061672
811.2478359544461
821.3550924986189
818.4817859377059
825.1483908740338
835.6628541439906
817.6821811688202
824.8731324886669
846.325937758701
844.3075282934008
827.956102846787
818.8888704630292
819.0574988880978
820.7549429067756
821.8276281469635
824.1372745952539
839.0582067898712
819.9014961349122
823.1865832065473
816.6026471046865
825.846992746082
833.1469680323966
826.7664790514206
839.5945995154217
823.9321296124108
840.417075807394
832.5844415997448
824.9025490397834
819.1396304755694
822.7833806692221
823.0190706508394
832.8062260673647
824.2768543221332
827.2788954093436
825.0164066079726
840.2282422522366
830.7661407426403
817.4864541024691
841.2549320282726
831.930066072242
829.0822288962102
822.9969905815973
825.4705032028427
821.0493337770696
839.9369726242907
819.9939626142314
832.1464440794188
846.5111105621039
834.9287313375465
820.2606528813578
832.246772449201
832.6892205466066
829.6671709561077
828.3771436709806
843.1939487283594
817.5172824052424
828.6102884533973
815.0564188726237
830.3891216201484
816.5781670623145
818.3855280026994
825.2270990325517
832.6730629475443
826.5112915320799
838.885362547734
824.7994476146433
820.9839568432426
835.0432815261996
843.2586084831831
841.269054917311
835.3468955380415
834.5614509300112
824.9345697745739
820.7796703580319
824.6553757963196
822.1845934176503
831.2293986155063
842.2113049582765
822.365868581079
821.2014420435016
852.936126714658
830.9600246229791
818.8507431065113
814.3688121764291
830.758878447644
825.0410233141838
822.9742812107413
815.9570008251095
825.7325057145927
820.720887551285
817.9339269348051
827.5149035978873
826.9134483176699
839.1188787541407
816.1176157483
821.6791898517289
822.001082671975
824.9572395524254
826.6890565550285
823.2739458076188
819.3815197664057
817.7897434613892
819.0375872415782
831.5331531130496
833.9414059816309
812.2102183536756
825.02471445818
834.549948204697
847.3384130283686
821.357435177887
821.2882410863923
827.7615719245547
816.262905337299
836.0875029294841
830.4249604555744
819.1774302738935
845.8598287523615
821.6364074733913
830.4520569294758
829.1746765774809
834.5461588579135
816.7929620263881
819.9929097241279
813.7209447572178
836.6398030417481
830.2722061264426
823.1805405047609
827.6902338744458
819.1371736585957
817.5888750997168
819.1395975584855
824.5728038136333
814.25142566283
821.4385037642089
836.0135465157483
