769.1513056528681
770.2189290205173
786.6550436729231
783.1439392524311
769.3758289226149
765.9534517274838
775.051414055414
771.4178064931534
781.307370623483
783.144753804044
784.5755569266502
779.7501776730585
773.4089937915262
769.7042185647383
769.8036009535932
774.4089294722654
772.3519750331724
770.3424111634032
770.5027871662986
777.9907584891104
775.866854976547
782.9797374010977
770.2480387131455
788.5036174831417
782.0089525698129
781.0781651914691
779.0081818869029
787.934472673405
775.2911749997112
777.2734151632325
765.4452894210873
774.1855734072087
768.4333873734003
778.3822602494802
767.8725444043774
767.278717589774
789.1361023781466
781.4751652727045
777.8864955742017
777.3379691200064
771.7112733064648
786.8447034046945
781.9039514660135
782.5280768257402
778.5786255359642
774.5620699056807
776.9379046342244
791.2194221267997
782.1324318476004
777.6833686000793
796.341434005199
785.6331418454714
773.3738018080231
785.3051919068598
765.7593106300807
779.6987979531132
771.7035390109731
770.522782257915
769.9412108752407
780.5477777527265
782.2639647736173
767.9356541017031
784.807335734182
768.3800295207521
781.071894214946
780.4097653067543
781.4195269569509
771.2595559337959
776.3728370242791
781.6995976157781
776.2076272512627
780.6036341895962
779.9671915218278
794.0517039865053
770.4910212023547
766.6660123623924
776.6884261842843
795.9610682801155
781.6807453497671
787.0785579593389
794.277265442751
769.524100277217
791.0609225445995
780.8155755598164
776.1607863068401
771.394201955093
769.2950316872049
779.3576180507287
769.3384268246103
773.8386132758995
775.8611909755516
778.3788781752118
777.0772035193199
774.5034643028255
772.1067601566451
770.1283138452835
780.4410118575298
779.4542532932857
768.3500033058208
781.1258886146683
777.478208417829
771.8303249502325
772.9519917120391
771.361253894619
780.0606978207351
777.4556574405625
780.4828217577805
785.4394022796689
777.3116004433064
776.277279710456
788.9561763049938
776.7107195521953
773.9155899909865
782.6985634683043
806.9649712813267
773.9746001290061
789.9731464249406
774.8070488349667
767.8574279562511
774.7687138516702
781.2844827889722
768.1455882362219
775.3708521794379
771.4676529405976
779.5910754081516
776.1011268037553
783.8722111630053
769.4810963156358
769.6026486769927
788.2840276383318
795.8921089601736
776.8218010493082
778.9280691042877
772.3828657349097
766.0656955253924
781.3831627272052
770.7849864946164
773.7716220167547
799.1136979871194
769.2736862062678
778.9752189565581
767.7342877494742
768.9994638250388
769.2369979047861
771.0283280934625
800.3953417703375
785.9940118368005
782.8371641386524
771.3853752749949
785.7444533374638
772.4784728880603
782.2134328737399
776.4699332081932
793.101088405497
767.0127653182959
780.2152869536297
786.8446942247604
785.3763565144114
773.9010299369896
782.7755240026577
766.7478459511547
788.7880024542384
788.6013750842834
775.4768046745082
786.5447561625656
779.4873788870055
774.94201548213
779.630171995569
774.3325940978168
783.8278825571368
785.78058724772
779.7373400148067
785.9082273643685
774.6437313700218
774.43922283116
778.1033162080258
773.1715556792789
778.7763963753227
773.1788334130771
826.9961107082042
774.3565449910639
770.044496013861
771.098858739027
773.6626864688941
774.5152161136307
775.4445820478375
786.8236248976423
780.0483085466769
786.0641573408917
771.6653961244457
782.8554040732645
772.2364001447692
773.0056962198917
769.2661002879469
789.7928362615431
780.0677715690199
773.6071591434586
774.8389157349837
776.6869260209708
774.5725238268712
779.6876281018502
795.4451893742894
776.014373142715
772.8532088123023
796.8362433964505
771.3854398777712
774.6586784698601
774.2431412049651
781.4194630923648
769.5558180770676
784.0751773025147
784.1850115793385
794.9631227141336
791.377900706393
783.4379834296101
782.3556933480338
788.5860306229831
791.8699751987233
768.4438753611254
792.9535454223804
771.80791282067
773.8031010469743
775.4334204373578
775.6965486286464
775.5638214847783
800.8605924193023
773.58270396195
779.4536247108547
773.5971816534133
789.3892077104215
779.7527063106742
795.7476468560877
798.3910318203117
784.3831889371056
776.0330782883666
771.7346780216621
772.9592871293406
773.2535527767092
779.5263505678522
773.7042062644922
779.0776458076681
783.4468330175596
766.4002267477737
776.8360098114655
777.8708515909516
770.9816088538068
770.117701186186
780.9698134724771
767.707776701001
773.9477280086877
776.0157688228545
775.5130998220311
792.7877339127201
783.6768107294209
772.4298669046543
770.0906137465644
769.5346770378678
815.8211313147375
774.0198201520633
797.8037097109388
791.2253176348647
786.5372112642175
781.5616532216974
775.1969286369997
772.9080123243094
767.3480624487127
768.5699971923697
776.3600132067692
770.968559724609
774.7748375547493
783.01342474053
794.2080943162547
785.8759911519511
773.9989331165958
778.8801670283034
777.3030092653322
775.8000403856518
766.9360887230521
770.7815144020717
782.8154146487603
777.0179533167228
774.2263966930668
770.7284448282253
768.0254348387858
773.6339062454081
792.990609938162
772.271860710716
773.0309862185595
778.5084430226065
792.6565491166847
785.0719853626933
774.2327911453895
779.3578705651069
782.2574765645834
779.2161715364891
780.2923666959169
781.3698203917307
777.5484369015322
768.540168422796
771.2387746659585
772.1050913021664
771.3642408536604
785.7549671409797
