1635.5884848564774
1683.1978221409865
1732.9741288350433
1654.5330811406382
1718.0339616494225
1690.8860280944416
1648.591470474672
1740.3231246679436
1649.2781110129017
1769.5522251272475
1653.583914765894
1667.128862783055
1646.0516411929864
1650.3399365845391
1672.9531318549782
1688.3318158837037
1679.462446443779
1658.808955783948
1672.137012736688
1647.4801910539366
1666.4328098022415
1677.4023124240373
1647.7959482512667
1645.2405011639926
1651.5031528178492
1656.0469080915707
1636.9699938226884
1709.5518692111407
1696.8144493141722
1663.6017746983803
1712.0517903165164
1650.8729112538551
1676.0436657477733
1628.7601533371671
1661.8901212500994
1688.932203966001
1656.1636003488775
1654.023858750623
1668.170240101895
1737.7797466028167
1675.4383055123797
1685.3910234312962
1671.4749598533947
1651.753494146248
1678.5239241712252
1663.9487860715778
1644.4534297555067
1738.1806063646695
1695.6362770017256
1642.3255160279314
1635.0920659395133
1675.8287110960946
1656.877868326868
1667.6936113530362
1688.9954156538308
1666.679852153647
1625.1922605490963
1632.3987068078254
1639.2350124706709
1656.5269696988614
1647.3033880764897
1630.5468201970357
1683.4394105106055
1641.0750934676748
1637.7287426188714
1668.9391203671705
1628.6932648441089
1689.2218154096881
1663.5183089608627
1648.613951761766
1664.4065079149584
1693.584989485754
1676.0222966482424
1637.1308947316113
1686.0656867014413
1646.3378270379828
1695.4835894548391
1698.024965235798
1691.8398033806493
1627.6502339135968
1673.6884019560714
1655.1009375891856
1657.6277991571976
1632.7991283175559
1647.2734924471356
1634.4003628358676
1651.7814590340274
1675.562682554189
1702.0178132539077
1663.1108409353958
1637.4227995992007
1646.044552919586
1629.4465735222127
1705.1582397849768
1647.9165281809114
1715.5312688464637
1682.126677112135
1676.7142074885073
1636.9444208098046
1631.166057738904
1638.1639651418864
1632.5044089160397
1673.801817583131
1676.3097124876551
1669.2859998295974
1646.1082725512085
1651.6879887819243
1665.69783819316
1664.2352887193006
1658.993578560071
1652.2928935971718
1649.8926694171748
1694.3087062552374
1693.1610632700474
1648.654105466043
1647.7329183800862
1672.9830725974698
1719.324425501793
1719.509390489115
1635.5563207709997
1694.9053666203367
1674.6334363593235
1613.3984795497402
1704.5406365179003
1648.702157079572
1664.2773325742546
1665.9287853171195
1698.6096224996122
1646.6273942803416
1648.6329840213396
1752.4351584109772
1689.518027798604
1674.8017721557626
1665.8163954062709
1652.100345368134
1654.535366250898
1713.6373213129186
1697.751472791552
1657.950088395886
1716.1057085415046
1671.7538929564912
1689.539980524136
1717.6765505234866
1668.470086266805
1678.4386974987628
1622.9008670169294
1685.9534961360341
1688.0324988006832
1651.3869287050013
1646.0962140872375
1674.87226612204
1624.008051242729
1688.403007846412
1752.8326299813057
1785.6364963225137
1659.4182404984067
1673.4489499221054
1670.7972667226175
1662.1639327192881
1648.3441870202935
1657.3857598986508
1619.8272615724613
1669.541282783007
1711.948326505192
1663.0628400998744
1648.5528989156005
1666.557310641624
1693.7387594581412
1644.5742713864333
1689.399141763736
1630.5844242854323
1686.9491238638752
1696.2825934929353
1704.9178418115682
1669.1776189637344
1709.4057635969666
1652.493216937308
1768.073577653175
1721.8529713490516
1706.473904345585
1651.982198775513
1640.668806724322
1746.2978314963023
1656.8096138916806
1700.9674007054805
1654.1335034798815
1646.618113500663
1686.7986365049542
1660.5378318970527
1645.8288714680582
1725.551095665531
1676.220769192828
1647.734205723204
1673.7262376908827
1692.0544379791365
1651.4593871595703
1726.832388703961
1695.182430169083
1664.811979561234
1639.9476943740297
1689.672478810788
1681.6730847306108
1644.6970283424505
1648.7293412696104
1679.7178379576328
1650.5739183002063
1643.6606330738741
1662.467220876957
1660.8599078710772
1750.9906602670042
1658.363534047735
1648.367329221508
1649.6078489246897
1651.4101585625417
1636.7540670666451
1660.5322595541352
1662.7990483637186
1687.9834710383068
1700.3582372551348
1648.994291515269
1642.3812300616623
1643.8941562588032
1650.3809716279527
1656.4364092898913
1671.559922767784
1647.2595454099169
1686.508153666814
1697.9707682682001
1681.8494108561656
1649.577629154314
1643.8876909142575
1659.6550022372032
1649.0867945549962
1648.5494777363363
1652.2201690906434
1658.9271130071954
1645.3262548703042
1689.1040140793477
1671.2036736821442
1686.428791929097
1695.4933915428073
1677.937131947667
1699.7634640594574
1712.9428928189482
1653.8094503777636
1691.3018038636087
1685.54455900393
1706.522498402533
1671.866704488498
1640.0441384685967
1664.3720980506096
1710.8897520892938
1631.5638153954817
1677.4956946899977
1677.5006873879772
1661.9866091974839
1683.6413588734742
1642.0070826801089
1684.6418696400065
1633.7036744939464
1719.5063734879386
1631.8852897106924
1702.8759728755695
1672.9308961656368
1654.0942026235898
1691.5404646832474
1691.0895213666918
1624.7916229384748
1678.6482480969482
1652.482184311081
1669.691724199438
1657.4876833813398
1649.6799045901162
1706.110373445585
1664.9167002153265
1717.5106725976955
1634.6840506793083
1667.1895871039424
1657.1855400101765
1731.2270739644414
1656.769868308885
1667.5971577813093
1672.719541119242
1740.6541499894936
1668.5157184216976
1639.2326180987552
1637.7389616802132
1659.7326171067914
1639.901780332102
1627.968616190796
1732.7300044388912
1668.7886371032725
1621.4005535138751
1632.8257221823242
1688.8092240502913
1705.2261140960388
1775.0537304723766
1670.9767605384206
1666.1176192504195
1665.6409925314613
1684.4170274054861
1698.0177686376203
1695.5434087924737
