5522.175857817407
5521.861590782745
5463.193182386478
5459.754670884776
5489.603413322531
5582.336770058989
5471.091510125272
5563.037139552452
5433.359752840418
5426.3771530366585
5547.911705456704
5394.833636095868
5390.561235293265
5381.049062035006
5379.884418690854
5380.483020681741
5376.763490926396
5384.327334239683
5389.499967212078
5382.619633364468
5381.638769868265
5386.534492711564
5393.927979937988
5380.454522265477
5380.335229846714
5385.049369567024
5382.943248096056
5392.64077192149
5381.846724082789
5401.957145054575
5400.909757990867
5380.039005554549
5389.366650503705
5394.819671005915
5391.723757480404
5383.925139581162
5379.74938536231
5390.800194334539
5400.21795516082
5389.619913169248
5385.5442595047225
5383.03241010621
5378.834965794088
5375.451121162301
5378.061403226777
5384.117689417196
5385.362051617597
5388.612332697757
5383.736899384428
5383.364511709503
5373.070597161874
5376.522449520631
5374.904826465317
5379.817859898354
5394.073252752279
5380.976831943605
5385.927236520466
5393.704821057211
5384.594505201708
5382.455959170524
5378.838343509232
5384.731767562327
5392.389202013042
5386.486535989217
5381.896064339277
5389.687468124527
5385.101701070227
5379.766042191344
5382.494791014253
5383.103771775385
5385.922924608744
5392.250233825842
5377.929088034793
5384.7422125452895
5384.78006633128
5380.956226162033
5386.16182409689
5386.334545609661
5386.8307915235855
5380.073627159007
5381.696588316104
5380.294991234458
5378.4065726943145
5387.609024445383
5381.181257823579
5393.985588292543
5383.532406869834
5387.330537474758
5387.602212074063
5384.239951949069
5383.429852078653
5389.227011158299
5399.5095744079035
5396.225703558995
5393.711937048897
5393.736045897293
5390.6777411224775
5385.813884741097
5381.981863970084
5381.357459056922
5386.712926773307
5399.421197687603
5390.801512408352
5394.526804606946
5379.759877690246
5377.301609355031
5384.485182942386
5395.475704309522
5390.18651695942
5384.8144122273925
5387.661352185801
5391.252674324949
5388.606443160096
5391.060372393728
5386.288044237524
5379.505871185352
5388.855437260329
5377.98147336872
5393.390033233207
5376.967446811022
5387.075014576772
5402.889310974843
5385.817701327384
5388.248893223007
5388.763192528009
5377.72152846387
5386.468567802783
5395.935038861936
5377.256535807462
5387.0411399154655
5389.291621672017
5390.35176519691
5387.313311232666
5383.630898045391
5383.3341635704
5377.409795302648
5390.784408126244
5390.472823537829
5389.4469471154025
5377.560089898468
5372.1869506020785
5384.197864783755
5390.482411030876
5388.799811169082
5377.707926484542
5379.753579916229
5379.97788579717
5374.860233283349
5381.214644380008
5401.917890098477
5390.474552461959
5408.758227998212
5380.5525610310915
5390.7010385081485
5384.098972655629
5383.801503131613
5384.948094474237
5385.016012985839
5383.511935246462
5396.411585489475
5384.871769288435
5387.726145952648
5393.854842553818
5388.163316045232
5394.592663803156
5390.184201047991
5400.964330043537
5383.3208818838475
5380.839613191161
5385.459658535935
5373.759266564322
5373.4890944857925
5384.952129601185
5383.483959745571
5388.615666553512
5388.660106569841
5392.5783553987085
5382.913572824632
5378.383954651966
5381.568087672725
5386.44848658205
5382.296361414157
5389.493505957161
5376.788372392868
5382.161913181672
5398.951070105
5386.14698234795
5373.847977935477
5381.498579221872
5389.529768862748
5379.242932740227
5380.853238253799
5381.174912427833
5383.58426932559
5386.962894075882
5382.470344501093
5389.835148265491
5390.791536671799
5387.893105721327
5385.748916167644
5376.450596458319
5396.876857570074
5372.950086859274
5382.617659265646
5387.883612840906
5379.730366557519
5388.483379867702
5379.33306760739
5391.896411125355
5378.7972137672205
5380.332509630643
5377.375167746216
5389.647500875572
5393.2016644127225
5389.71885927208
5381.520729148763
5384.5595003874
5393.980689894299
5381.893064267453
5383.892534415378
5387.412356800447
5390.922901879222
5371.1185804969855
5377.773129293052
5393.71242840265
5386.903776202028
5389.6381951336525
5384.238645940272
5375.521669541565
5397.092353782729
5377.41557334144
5392.05938990974
5387.809863226218
5393.482929682188
5390.755675788243
5384.861211174508
5387.764071210109
5389.824404543459
5376.969841108395
5391.061398769507
5396.865387062948
5392.151022868228
5382.697084846053
5379.849004837786
5390.8731082931545
5372.6801675195165
5390.379476407097
5385.923199309392
5389.422992421504
5381.102401321883
5390.5949335616715
5381.224587741352
5386.039420295151
5398.999594006837
5394.178908487738
5386.582453339727
5390.192667017338
5375.6063105485
5386.172233533356
5384.91329685761
5397.3218926037725
5394.721169091433
5390.459686326602
5388.9239748692635
5373.43321951837
5385.557988618576
5392.873192612648
5379.712524713907
5388.245882824511
5389.902678954797
5395.034745473705
5392.645857680396
5385.239622456309
5396.87966889998
5396.186604246418
5381.256637276163
5377.874320221988
5381.14341573295
5395.537208665481
5396.922690901186
5396.935829580456
5385.276125248129
5378.126843543761
5379.350165375698
5401.636647222384
5387.023559104168
5381.800022944438
5380.981772991549
5380.814403409257
5385.938569623293
5387.039075220917
5380.653043825181
5378.262475775674
5380.598183981756
5389.222984772984
5383.659572055609
5390.011182933018
5398.425981089407
5380.291669664069
5384.36497706777
5382.659703808207
5378.219567813119
5372.696311815883
5383.97060519844
5384.120503862723
5391.70731207391
5388.194769953383
5380.449080793808
5385.044658071457
5381.210003030884
5387.003580168958
5387.992202993735
5381.7149487946945
5386.833555153386
