385.6125005058868
387.2900997698438
385.24958024390935
382.23464929175464
384.24291445961
383.70109321895086
382.08280126116165
381.75862140690487
382.5524836169126
384.7028754122032
385.7961554284409
389.3701872202207
385.1824748767188
384.9072162744282
383.81497320760974
384.6936233839956
383.05750554294315
381.98233814282725
385.92302676269713
386.387018229352
383.5461744143716
383.38147452445617
386.66491356954253
384.20847663294825
384.73809441457365
387.1880300415113
382.09673039164915
385.8476318610691
383.5089192335091
387.50338016418425
388.12201429511185
384.04757037008324
381.2944051346175
381.64015229128705
384.8351148416891
383.2037581136236
382.4485792836186
382.50339020307905
384.31742671838794
381.7683015931153
388.3395140601477
383.3296677712812
385.44623604727013
389.078940932869
387.5261675418637
386.4445256293232
382.35731999995386
382.3052584839624
384.80002900549226
384.2191868277454
380.98475921720024
381.89939853553886
385.5158751217196
385.91682796851467
383.814839442759
382.33337394720854
382.56926762201937
385.34961549000946
384.09973526260114
391.38887291723347
384.25875204176367
383.7441797209541
383.8971887744537
383.44386497072526
382.6966396569553
384.0193145360579
386.03961897667494
384.8030138812748
381.8083776480745
381.5168021429101
383.87002808829135
382.5198874038788
387.4441536109232
384.1765457160891
383.04594689497816
384.8868070905637
383.5888448227448
383.3512768406351
383.27858158681016
383.0795800337581
385.71865169201106
386.80263098069463
383.4847803174122
383.7413103586381
383.802564846546
385.1940498216208
386.8560278303686
383.01534672581124
383.9155106498214
383.56382790877376
388.81019535022506
384.63573067103835
382.89891809380174
384.37226542582164
382.20594330951366
390.5669988496113
386.06036064597754
385.65434896804555
384.33917634388473
393.6196487316034
385.0445025045089
382.7231347552661
388.9099206946858
384.11584684777057
384.72705920127987
387.16344528786925
386.68155821127993
383.56001296400507
390.29655465410286
383.76026913583
382.99826966578235
383.6337284587411
385.68250982215113
380.0316658247397
383.9018975518679
384.70285901132723
386.6579817041528
385.6758827952658
383.5362454988156
382.5890753252524
383.55562191165933
382.3817159283106
381.89920799854724
382.7261888529987
383.55715750973076
385.3517745714573
382.7148276803675
388.1015086497288
383.3753396328376
383.56978392061524
384.8378548252549
386.26574081627086
384.7921477958965
385.6644338776442
385.255306159798
383.4475744447344
383.85423323298903
381.79943210330384
385.68070632293006
386.7660150931568
383.30273682784684
386.473805785047
387.00923226539027
381.60609203458074
384.806956030598
384.1670203686492
385.45406937145225
384.0807965500785
388.11503730066613
385.7942535470378
385.4152692917328
385.09394948216413
382.0283175042689
381.8728303016746
384.46451402923066
388.14609713086145
385.3861087470968
384.68934028844717
381.27856735537455
383.6557140043082
383.4937315263359
388.5684990113842
386.6639221428126
383.13687758541363
390.3855880685882
385.63333098169664
385.734072274059
383.81598718960134
386.8131801735727
385.79742027020103
382.0525961269154
385.00952792113446
384.04727413330585
381.00873678187475
382.93440493894246
382.2752661963604
386.629431629142
384.6481740756214
384.39168680794575
385.9326500823544
381.73255110822294
388.9260532748078
383.0736517600522
385.7105854864916
385.3044234590858
383.6801557389876
386.6962509880008
390.45248013095494
386.57683549116103
385.4620075333186
382.28805110926334
385.4573425014715
384.0675502583854
384.2202541043828
384.6803255568177
387.4719669866089
382.60895611519373
383.6903433141325
386.31415380999044
385.06140337303066
381.74370883590126
383.8109925791495
383.14424959042543
385.51692736352516
383.5491708371884
385.7884634390342
388.06798193988857
383.4330896019801
382.53093844692893
383.6378598865124
382.94097725581844
385.45335168434826
383.7402782240517
383.68658197890613
387.9880779984424
380.6541061692309
382.82697253227644
382.3416987929545
386.6625485481293
385.654317103655
385.22219399436
387.04612985071503
383.86501783580945
381.75428060984297
381.038674407296
382.4972855629054
392.9568893163208
381.6899238063028
384.7359186903413
392.144281154664
383.998044275256
386.57801624871706
383.9486050811956
381.51868765081736
385.2032099108735
383.84781006897833
386.2519569011386
383.536069506547
382.739699289769
382.9831184442699
382.22454300919054
383.413111433409
386.9744380629633
380.49339113926214
382.69765406428706
385.5507816482485
382.1198456412168
389.14785868609823
382.03439777612596
385.4717922814599
383.01593675264144
381.96337779555495
384.09740554976173
385.1946271932357
384.33206924037887
382.1281483400042
393.83349598551905
385.4494617843809
384.20264101920145
383.5597948390296
382.88737800145856
381.73677272889364
386.24841661107365
385.8231149940143
383.3497924428342
386.4806863887132
384.1878991336194
384.5680460147904
390.9180931990368
386.7663843297402
388.42628776067045
388.7288988212188
383.0461712280038
383.8894427093572
383.95174618304503
382.9420437130788
382.8631382457605
385.0701800121771
384.970799648964
382.5230354956738
383.3066384980804
385.78088545672665
387.0568670629915
382.8628711509015
384.36480438694434
384.3867355933188
382.23421932451544
383.85898229096017
384.1882146078905
387.0939473498155
383.48470576392236
383.18537092991255
389.0050610257523
383.2424203905395
384.56144771811904
384.7581835269399
385.3617690031973
390.2971921885823
383.9805776245572
381.8864577482903
386.15996583483724
388.14549981160445
383.07536710224997
391.5932658919038
381.3084289191182
381.457565337886
387.5515420629535
385.774454484181
382.77955881971866
384.60470301853957
383.70729445456783
385.29509429031157
381.7418421172197
383.325527967489
384.7585142704543
388.5373946001513
382.9196367935201
383.0188755999485
384.8668335096633
383.5685320914446
383.3524659243821
390.3662689177709
383.8052363696735
382.44819840249374
385.09491925798415
384.9497587643274
386.17941713954013
383.0907639292295
384.6291201664793
383.1468241163615
384.009466159689
383.54924195225993
385.4125153422559
383.20243296508113
383.6639844884464
383.0569104081155
384.29787994024525
384.67186402167835
383.16053548105975
382.9505604108517
381.77400548458286
388.14290386225485
384.81626900128475
387.8399154683776
384.68326289282413
384.3305018950921
382.39577302259295
388.81503947085076
383.63641371479144
382.0802205151596
386.64320656215665
386.55126423646925
387.79671551545215
381.2945841169065
383.6056682478569
384.7961005358566
385.947375217944
382.06470189568864
384.63973194756744
388.82288728282117
384.05930813492637
387.1749039268212
380.9342873061213
382.9952795908427
384.6419175305999
383.84365083528695
384.1604602483984
389.4886432538223
382.7221349360242
384.3207436944047
385.20974947314437
383.97001753946097
384.3083079786607
384.38554069684324
385.1185460028197
385.4177598248033
386.1582498184083
384.27562203065173
382.20563215903655
387.575070376522
382.8086695175588
388.1581592925017
382.63580121656116
385.76159225360095
383.1206445696641
382.7795117303862
384.6858016392529
384.12386733954213
384.64081038879357
384.7457583545354
385.444360916682
384.6948752431633
383.85047920072674
382.5784405092109
382.55796526572976
385.6259094102639
381.8860775379722
386.41644090387797
385.9145013080399
387.6598229915219
385.86563087412134
381.969553930154
384.6400422890275
382.92336977031914
383.6238239615559
386.5830364228945
384.7649193697121
383.82994421239323
385.63313952025584
385.1632506658511
386.61391558243116
382.8275764047845
381.8573914358306
386.59824778946427
382.7752827212172
382.690542024405
382.87408807481887
382.63786679393513
382.43311211798056
384.229371426636
384.88744239847546
382.0830292326365
382.24298379567966
385.54218042934616
382.49597815812484
384.15018441999695
389.09488758275944
384.6017909638399
384.231035654736
384.2064133654561
383.909685544071
382.93571258452016
383.1781165568059
385.63629458146664
382.43927079241394
387.05256217212695
386.3975855128733
384.22101590942793
383.44782777311644
384.2958831921934
386.8158107239534
384.7280780346273
386.5321857068078
384.5414133704126
390.40827201277034
384.74530489056804
383.0592137419524
387.34810444094273
384.3746843932868
382.5093543537834
381.54460617366743
382.26416833560353
385.7826123591844
386.7371560426337
384.0424485634488
382.04843764874363
387.22650486239013
385.1056381662473
386.21109289802206
387.35709289321903
382.78360828974866
386.8546952480963
387.66198508074825
384.024851243824
383.9746605102177
385.54336545034414
383.49422174520686
386.43292674627014
383.46222028344357
384.1150278724532
381.9820403949337
383.3399007501611
387.41901772585663
383.8513589904939
380.4177651627603
384.82656057878495
384.71366023122783
384.5112377480232
383.2188181843254
384.1160014502568
387.26003635283627
385.694806727993
383.8245522127746
385.4563687925022
381.9481334278396
387.57154203938626
387.2185658963673
384.1010972173404
385.7812221552962
382.4484055352661
386.61715335668873
382.8448338579039
381.8329369813571
390.70023451733056
384.16536206202244
383.6702646319986
386.35651954893376
381.8484863901617
384.9831746724371
382.4166803938437
382.0845052375798
386.4388176723037
386.86830537514487
383.0094421638199
382.8971242600284
381.36047678193506
384.71617826354657
384.6040231594145
383.8788081064512
387.1873781997325
386.54466746793946
386.0272599291375
385.86435710644224
384.96697286988416
384.9392403005224
383.8224846707941
383.61157030449226
383.9128781021545
383.21547703657967
382.99621260303013
382.0746274809889
381.4836101534988
383.9316788082583
385.91119067167136
387.00563874801225
380.220514990368
382.9988198616396
383.0880229309796
383.54874186285207
381.7740600169569
384.2960581087076
386.44761536346437
384.69867819142684
385.8650323464316
386.4250661765074
385.68088194318045
382.9843144806182
385.85473409747027
383.25540838159424
381.3752398101426
386.561275689399
385.2489435703089
384.14409270207767
389.31294446845305
382.9844791134273
381.93339929973035
382.74403529935273
385.90094379957117
389.61795071910166
386.8182933769976
389.27442108831303
383.7686473285004
383.5569512689764
383.6088613699812
383.72726225911754
382.5759232194057
383.18866434570145
386.37979348061333
381.7534013227342
383.6388877437857
383.8685798706954
382.24419439523683
386.4676967842568
380.5728129161047
385.8543523035532
384.020620026989
383.46438422427195
385.03805862332575
383.20755548993526
384.3779800006942
381.43483240235514
384.97907911508565
385.7950834829385
384.76380028200333
385.0424721784483
384.8368989419249
383.247130965284
384.55724112913794
384.64945927228126
385.10385804331503
383.57630189012104
381.2598195383902
384.0227766079129
381.1446563706104
385.40513185353956
384.4126622603725
381.84174963835176
387.0933696363524
384.40013624295153
384.03705075034844
386.25450663796335
382.2309872166503
382.1890912524658
385.48628916329676
386.8571974310652
383.24463685331705
385.74751534561307
384.1863273012553
385.02155395763
381.4343081181695
383.19076855217577
384.6501035849039
383.0549181677082
384.9789764199141
386.07353748182715
384.2443766045645
382.83875033742055
383.27582626240286
381.98325947649505
387.5847982024981
385.24640261909065
383.7262377746076
381.8290890644408
387.0151759563685
388.57706761371514
381.9004076338196
385.83177766135475
381.86471135293135
384.5190508693409
383.26187014867577
385.4202951019868
381.8982187537797
383.28067629574326
383.7748439102595
382.69229888343943
387.51935667514374
386.6894687132879
384.8203486821706
384.8872000680713
385.3363586696678
382.3917958660505
384.85326798866697
381.6764178926595
381.4262118458412
383.86672435124746
384.06732334188587
384.4558276116279
387.61727984492086
383.5520625032463
386.15532561218794
381.8282148986396
385.2627815796713
385.38339624593317
384.41385117455866
383.22590701899276
383.94837401289533
381.80106194720867
386.25618479053605
386.06764423550874
387.5230258177881
385.81624704187146
383.2298645110669
384.7762401432464
384.49922199234305
385.8138958926879
388.3694068287047
382.98248942038396
382.92320212536004
382.3157729784534
385.0063691799482
385.5205323013927
383.3054403672005
383.4888836896688
386.0275965721126
383.663724835244
384.90433467326466
383.3836162590007
383.4175807384986
385.23573279392787
383.5627674767541
384.11225131287773
386.91668669496767
385.80854482192325
390.44056414492076
383.5764787397648
383.8625816352985
385.0902017222802
385.14956785543455
384.02364069108324
383.1528006071295
384.03830887324716
388.13221332793114
382.5121404367519
382.9101376599233
383.98456226011325
385.2047241122654
382.03255262083394
382.2204713964457
383.572830959253
385.72040792980255
389.816057634416
383.5667984567399
386.4593665431069
384.82243046896275
382.2272461446875
383.1203566830427
382.96570066407764
389.4744696104006
383.53110575267607
385.60410722955515
386.914175073577
384.99925372078076
380.5279251358612
384.3569733440078
383.2426809599327
382.7992409668321
381.5152001467836
382.93542842965707
384.50470293299526
384.01545627222816
383.8187883860234
383.8819957111878
384.07981052011695
381.74855203820937
384.7060895853269
384.7609446127023
383.39723429992654
388.41645042376666
386.3334784494943
385.0904360529498
383.3415200577249
382.8588344956878
382.2553885321823
382.08771537892926
384.2142803528145
385.2371077789929
382.3073302285934
386.535076326027
386.6909265722058
382.8035162828719
381.6168169448623
389.3447498272534
384.1321103502893
383.4472166675083
382.34373726342596
383.59873976591683
385.68429709904393
381.7581485389369
386.5245774544246
382.1821295821984
383.4125793662719
383.913794572798
382.3660969044939
385.88825381580364
381.701425410334
382.62454249330364
381.061968620899
385.2180798774372
381.1109059568062
384.1660622100235
385.04450972313793
384.81227413713043
383.96425940731194
386.245241357535
384.44139337506465
382.10369862224894
382.09877191567205
382.70574075626115
384.32664789302925
383.8212502285805
386.83681638318905
381.16692861083214
385.8159277221186
385.0882010129425
385.8623945050746
384.04682536092616
385.10327352333684
383.28818824747833
384.74742982401784
385.0536793905385
383.3829631387339
385.05904827492463
384.65828935792285
382.5740781861137
385.8811661607333
381.4324862279547
381.02530178276334
387.0230560869824
384.56602120652445
385.95274523018094
392.41350634626235
387.3377213247136
383.92613851532894
382.3193501234541
384.07789405675726
380.54288336733043
384.7584465653776
386.2121991175999
385.6758481378186
387.9969608895497
387.72289923437273
383.77373624062295
382.65900680645615
386.2558401172224
385.88239427646636
384.07334075763794
383.51834812619524
386.80717302304583
382.1275534048462
382.6113436722343
382.5554360544041
383.86599120148594
385.6409129087445
384.3830068106447
387.9208069192301
381.69083966404884
387.25596985081813
381.7893455102437
384.3033888757782
385.30122685798614
383.72399032530166
386.8305116851596
385.1333933104056
386.214744972789
387.36563333349966
393.0318800499374
385.55220516979557
388.4801734240315
384.6962486612207
382.60227215115094
384.0918424500389
388.10483514611235
385.2276348492651
385.5191871419739
381.6829549319067
382.14651030286234
385.9944673955003
384.07849654783604
384.3505851831825
385.0459372261935
383.3644340052001
382.76031389329216
382.9378273610924
382.0344663382193
384.1809044552175
382.75759469460576
385.94088263481643
384.27714246258876
385.3302395900273
383.72643978010495
381.3951380371746
383.26754296306274
383.7184109062361
383.1321118328863
382.74732782621527
383.5775496275853
388.6468900685897
385.6388250549453
388.3551587769717
382.41709923183464
383.4278997926249
380.4740173248773
387.83193683986707
383.57034408474976
382.6393062675625
384.5391339585086
385.7533971059126
386.19692157805423
382.593170793788
387.6293273322266
383.31286654281075
385.32959946086845
383.0664850942203
385.0508583426033
384.54491046270385
381.7192433666027
382.1901632481747
383.4344724166515
382.16335887080976
385.47775669135353
383.6237179930872
384.7157207345395
387.47867047736463
383.7217695506712
382.70966464348805
386.46001189247556
380.26728977944106
384.2532567847847
384.0236656892679
385.01767891018363
385.5000303571225
385.60233785805104
382.3099798612994
383.52403561972386
385.8449144056305
385.3206737889693
382.30326330139303
381.56102861362024
382.9890372344575
385.7467095161385
386.43955679033564
384.75583566791425
384.44754451039313
393.36279563142784
383.95379297471374
382.87481033422705
384.05542475403524
383.7639730611607
385.7432901247763
384.3878469132976
381.8209893764642
384.93039256628987
383.5793750143449
383.2164602302916
385.8473517815612
385.34387898972955
384.95720825650506
381.8200912946889
382.6318486932867
383.56319065581897
386.2842588645053
383.6382439925638
385.40230850804926
384.0306883031096
382.10976070197904
382.6967816895172
382.3149461761964
382.91242614160916
387.7820699428461
384.2827783675368
384.2084354220337
383.68541244026056
384.31429647188594
385.039360027512
384.1089963029318
382.3579491242154
385.3458364404907
387.2065558814414
386.78864191427624
381.71719707908443
392.05862627468946
385.20775957609993
385.11432359138496
383.3066544163643
385.07712845123575
381.7088344122231
384.117351132058
381.07882060671636
385.4128634657521
384.83911539439526
383.758919351644
386.823533836591
387.6591817818315
381.68751581688264
384.46885048668514
389.1887249532098
384.6482156302086
389.55994593740274
385.0248041429741
384.1919523831246
385.29375723545337
384.00482095601035
383.55964565195814
383.33536244245454
381.62747369942554
383.2150687921917
381.02982805374256
382.46565183951276
384.5530021777308
385.04016623765483
384.7259931238655
383.2264370973829
383.35784903846184
382.97786477506395
383.8807726604886
382.53570615634555
390.87899042318935
388.30365432819707
383.8108013886877
384.4011620061224
381.725601908043
384.0387970113111
387.6528264659176
385.87044707031333
383.4277159087441
382.338433868912
386.00085392316555
383.9614846030983
383.48788866855233
385.1506144495805
383.8213510082856
383.46935136188625
381.9867805657031
387.53153835134475
383.3166952915565
383.4475912162275
381.58293182565484
382.31577599414385
383.01597650310543
388.1726935639712
382.30749395055113
383.67362916332877
382.9191546080542
382.8410841141681
384.03657648244274
384.74934972665375
384.99085059352717
384.0556230665966
388.27355113547213
384.75858358052614
383.88838448882626
387.13830175249603
