16.154857370126503
16.986635856882344
16.134681080174808
16.14482578939122
16.138025931432193
16.13919497123224
16.137159469572
16.973282500900215
16.136776987057367
16.138732286127286
16.136573752269506
16.146977804685356
16.14380098437264
16.988157693140497
16.136467267040757
16.151567831042918
16.142257846277563
16.138303262177526
16.13966045758891
16.139079292805896
16.134621931717874
16.136076948740694
16.135145926113868
16.15040890887628
16.96623409883769
16.145300302595366
16.14715847574128
16.135996866774107
16.151114887482787
16.14861404370477
16.136966079092144
16.14536988029055
16.136824662288607
16.15013059403171
16.13824489605619
16.993986779605823
16.971940507430002
16.135487594815398
16.14034581365836
16.976169991052533
16.1369625104931
16.14172673098453
16.163592374987584
16.997929191912707
17.000185955657965
16.99358136805848
16.135362854314206
16.139188563327885
16.99494316420227
16.97063940600832
16.141502740317655
16.13472495251747
16.15516001473059
16.14536700591496
16.968338149582543
16.992542653366687
16.134644126621055
16.15112940646374
16.136050651721696
16.135928241109777
16.137333722035024
16.14689175071556
16.137981828450005
16.15665189994932
16.150965014407863
16.972202263371692
16.14190750598517
16.16069681734533
16.137973738289805
16.97737303639891
16.96938969139521
16.144079753505675
16.145412713329176
16.14473355634658
16.14482426708376
16.14993691331743
16.993028713386774
16.136294418667276
16.139126311301293
16.134472442971816
16.158224820208524
16.1337452802104
16.14026882006614
16.14681343188127
16.139717895101633
16.14045092358017
16.974590479359254
16.142015255953858
16.136084805374125
16.134717926639148
16.139834624790325
16.989098899094618
16.139513302398807
16.151983020203154
16.13704259319348
16.14339142918404
16.141255686603802
16.97064604724237
16.143281887755126
16.137143388903404
16.1585569358003
16.136021883880183
16.139451952407747
16.14023961331612
16.139606280788886
16.13748570801925
16.13493499825036
16.147622069849778
16.157345546179755
16.135089674939852
16.134835885174716
16.994022660039448
16.141078600647358
16.144316460235817
17.04064839186727
16.13637477831457
16.13735843752702
16.135253449433126
16.156097167546157
16.13911923947425
16.14675237588925
16.141012624483817
16.135163347730554
16.143482232102137
16.96834866869875
16.97681468668852
16.147333583716563
16.135378308007873
16.148457960114126
16.15042778153001
17.000196091488878
17.022523494105656
16.145503052146303
16.141885340948335
16.14292107072073
16.968397396469154
16.971221158486454
16.15694904478354
16.140100923410678
16.15083556577983
16.146905510663416
16.986980091512393
16.983039290823598
16.13901280309361
17.017238863166252
16.137100902318142
16.1488621334892
16.156101472939277
16.13647720993118
16.144393884802156
16.140021395807754
16.141929112721147
16.135878152864695
16.140568620929056
16.136636717678506
16.13587111286052
16.138402413836964
16.1571005751463
16.136638848020386
16.137988445811533
16.1525482674494
16.153517518113286
16.164326211024825
16.149694924272588
16.137123492688037
16.14208493522863
16.13803171073905
16.169391989787872
16.138366549104
16.988580619788245
16.135545505104425
16.136896140836303
16.139596120509786
16.139826589466193
16.137559580899122
16.181747244848747
16.137752303081417
16.135760624508315
16.14419897422908
16.14876010466332
16.969573395266774
16.137593054874046
16.137022126286602
16.13462034624874
16.137422377085265
16.13810341813056
16.13793172283038
16.139408359467414
16.135776539480236
16.13751514837211
16.141325568381028
16.13478273888317
16.145333868459957
16.137154264077104
16.135748340893322
17.004476529314488
16.134358303586758
16.13578301969031
16.13805031860947
16.140774880148403
16.13938480973163
16.134731058715627
16.138140886412874
16.157378434636687
16.139745426651274
16.15339324653796
16.1378943259455
16.997502516287543
16.138299165638482
16.137694518408978
16.137705696202296
16.967407613179947
16.968050967468656
16.153787058664612
16.13741835527015
16.138690296034056
16.14154102254515
16.14351992644344
17.032318042191793
16.14218866116405
16.14284475958414
16.97097283878747
16.14301741948788
16.1529979740328
16.1393007868243
16.144740882331398
16.96659847742281
16.135255164866127
16.14033713784408
16.13595873091571
16.15101120585359
16.140912615274544
16.153973190425518
16.13707084308787
16.997095700388172
16.138304251401387
16.135271364166286
17.01011126640102
16.99879904488333
17.016070297721388
16.141395418867354
16.138472316494354
16.136372574935955
16.138124864275515
16.139015120792525
16.988678850003012
16.13477023491592
16.140354995107913
16.151579522464665
16.141607585981774
16.13735020244097
16.14031107533304
16.136268719798487
16.14065297252661
16.14743361075671
16.14297976379625
16.140646229636396
16.154980169578824
16.99415223320898
16.141646354004415
16.139370598654136
16.140290726943405
16.158260108322256
16.97317656588692
17.011294815011173
16.13478750102236
16.137784191438907
17.012343391737062
16.139373042701127
16.14147090061516
16.136109080689646
16.136193888920875
16.137517895471422
16.13621871223894
16.138164284158783
16.97870324647382
16.13963943037584
16.147276868799494
16.13726950970673
16.14771112749203
16.13905776940859
16.13511136270264
16.1400602887786
16.14515427973021
16.140795697201746
16.98960738250226
16.140186111492586
16.965449968714164
16.141641380534438
16.13885962257854
16.13889324614993
17.012511858801236
16.14283591741859
16.139700720321514
16.147755946111936
16.142517027285415
16.137851403019948
16.1387888145741
16.13606875124494
16.146125123102188
16.13900729580841
16.135156709436274
16.152296049945438
16.136656039739858
16.13972881430507
16.137366021236396
16.139747199974007
16.162760598686805
16.13770038360139
16.975065905937427
16.142005980096688
16.14649023201616
16.141259266703138
16.971894304615134
16.96719361301511
16.136333071589593
16.14622554182415
16.15130021713148
16.14020717061857
16.13677429407865
16.140231452529296
16.15975034209708
16.144248238539173
16.144971517237288
16.137926644309744
16.13981664779452
16.142996017728738
16.13458040294292
16.14458188383629
16.13696929485386
16.973068210934205
16.14720362296372
16.140493681751117
16.973748629255535
16.141361088132765
16.13652720150981
16.978780615225553
16.13663828708652
16.152362281116798
16.136354009609335
16.13523392391209
16.136502691594423
16.96966121190799
16.13750990092135
16.138841251388822
16.143497666645427
16.146585660634372
16.135287668744173
16.135955181947736
16.139371113745586
16.155476857352593
16.13691512235006
17.04366712015522
16.138784760592337
16.14066006006001
16.99807979475272
16.139564342831513
16.13510840591221
16.966537767784708
16.139999937042834
16.144123156348765
16.142558928307995
16.135335669059575
16.137886336103158
16.134304881018185
16.138731751439757
16.139115674222502
16.968888239267294
17.001234394203596
16.973228755813025
16.14118974131833
16.144768900105586
16.142978723405307
16.138142411592284
16.14159158457877
16.136306303629738
16.135977416773674
16.98312174386569
16.135848904696548
16.13639974906772
16.13577411795154
16.140545581445704
16.148826505953465
16.98716707638191
16.137395695881505
16.140607633934426
16.974149521720204
16.13712270035395
17.016019478003503
16.14232444394671
16.147589015581403
16.986822734990042
16.156741224395155
16.134976212740753
16.99892932024804
16.137647065020445
16.15843644814981
16.977236114628585
16.14017388239407
16.137386335786385
16.142028006648406
16.141893925311653
16.13622279288993
16.981465856129468
16.14636425944079
16.1442604929711
16.138554560646988
16.13525174784297
16.167579629533645
16.13693430280074
16.142379288289643
16.137171051863604
16.135212755306
16.14183453521068
16.13801005462171
16.136007294234883
16.136140595115332
16.968744242686544
16.983342213816957
16.145761576280474
16.14043702970726
16.140954335501615
16.13433978260071
16.139885391275172
16.14226417705135
16.1385368211246
16.986016248269237
16.139803689223896
16.135473909534344
16.97791127208331
16.13730578032525
16.15264807383614
16.143898806326742
16.138607788360453
16.147525138684852
16.180799551945526
16.13709437304177
16.148517304930067
16.136544747788708
16.97133733086721
16.141991493241008
16.165332248193007
16.144582009142145
16.1381185726961
16.14179375017996
16.134134311187143
16.139513963921452
16.140433800634856
16.16318960609166
16.140542954930496
16.976102907560783
16.143015374202875
16.144266169586555
16.13681982227569
16.9873506325006
16.137042083213792
16.136627368849968
16.138428860734756
16.137679950668403
16.139644593545093
16.13966953772751
16.13514352749478
16.135994798163235
16.1350807310238
16.159165852774965
16.13486966989183
16.15039747533613
17.016562109933037
16.1355187615139
16.14461408439403
16.13551302703243
16.13843689584315
16.135921879180287
16.150655387394853
16.143618146522872
16.137395046460938
16.146624096133145
16.136734929253723
16.14714232746273
16.978787860139363
16.971057429465287
16.13844342984023
16.146022015527784
16.143898776582784
16.13752196204653
16.136484127781003
16.138210554552398
16.13548297568251
16.14150679905376
16.143795270603956
16.138536070487927
16.14714378390313
16.141127462749502
16.13901705517747
16.147784404610668
16.13493061449001
16.137750598219462
16.145615675915813
16.146358781195673
16.141442414140354
16.135259853532983
16.142908089079736
16.138229289839533
16.15647942450209
16.135585495670703
16.136501815251055
16.972146983639078
16.141619449986884
16.134839573768293
16.142317934815217
16.969287981520186
16.140707620044445
16.14864330824462
16.13865028021247
16.141592035376735
16.135816797646893
16.137571323894882
16.16102052210179
16.136704591800434
16.142965186934774
16.14064484017016
16.139507024476288
16.1367690118731
16.13803839949263
16.13920101708721
16.980540966252047
16.143890195767256
16.134855217983723
16.140006766906847
16.154158830371212
16.14507169944113
16.152329862470353
16.142423392076513
16.137025313184555
17.0046157608429
16.139286755206207
16.142424821185557
16.14186987598762
16.1358418706801
16.999659321795388
16.1457408050144
16.986399904298423
16.135875471417386
17.024916131855168
16.987772807455315
16.146400707913177
16.135693038418793
16.135653319198802
16.138025895173044
17.027039707432408
16.140926253974033
16.966755213527357
16.136194841280837
16.136601589468036
16.138302949866386
16.134833845710688
16.141961785770153
16.13913129882042
16.982974509689942
16.144718970034287
16.147993618337857
16.142836719536458
16.985561600443262
16.979008257650605
16.981189444002382
16.13737251743508
16.13511276097645
16.980851191035015
16.135895640106444
16.99861077631619
17.002787575621984
16.1401393860997
16.973842696345624
16.13495764254511
16.14497617868936
16.154440942784145
16.983777831087256
16.137909070643722
16.135096109968853
16.138117884979824
16.138215904233604
16.137515925217794
16.137820308140636
16.13992407819639
16.144189824871134
16.163829776239773
16.136971494287465
16.138423873700457
16.15524872793833
16.140987040679526
16.136686426848122
16.161214228437885
16.136197528197627
16.138175541037096
16.14054470703334
16.156335479217315
16.138906548985105
16.136161463805927
16.148927857912387
16.14529283023757
16.138044791542065
16.13622685411894
16.13797557663575
16.14529090855133
16.14146297036685
16.13674623841881
16.146880033808497
16.13941121623829
16.981638752617467
16.984282843486078
17.001821015466344
16.97196712327274
16.97361094734238
16.136894433121014
16.977970499202495
16.136530827443636
16.985693836790496
16.993291197512036
16.136649762342348
16.1418163812638
16.143454211727448
16.134418488138156
16.14162184449876
16.137449165444004
16.141105835798516
16.134346115942225
16.135497524951425
16.972047106080726
16.140413932345197
16.13539637665109
16.96624197245491
16.141514228395845
16.137329536839417
16.13615909743796
16.13982341333495
16.13497664611967
16.13976181809752
16.14297330067742
16.141536324045607
16.990051016157416
16.139286391607456
16.135404679152057
16.14646180157574
16.140108497472806
16.9728714762384
16.142528054481318
16.137694237522012
16.14531350982545
16.139017578135654
16.15796645849364
16.14056685242989
16.139194354846286
16.138106880278567
16.134730301207863
16.966527173748418
16.135059498927028
16.14474686579078
16.148711820285097
16.135389820298684
16.136089857210244
16.145548527430044
16.14203469542138
16.967374150757646
16.13679116063364
16.969415024342215
16.139928503180403
16.155276403676048
16.13637767088522
16.14634421434333
16.144091832292226
16.135507586986364
16.13556056083685
16.154915211330856
16.138990044330807
16.14963207378653
16.142782539511497
16.13469955204159
16.136343717059535
16.134685273950524
16.152835746557887
16.134584146235852
16.138172945264667
16.143717985962024
16.142073335487993
16.9710944136519
16.137169711717288
16.134485550689117
16.14970554487745
16.143953971172152
16.971532007060596
16.134851813514764
16.986513833679755
16.99301308232298
16.136551964547465
16.1395871406763
16.138480202895337
16.144084004894243
16.146732587268076
16.136278352193727
16.141409546062675
16.1369993672477
16.13972953301918
17.00897418856144
16.145006480963957
16.136325345401616
16.98122086865491
16.13682853035338
16.143025655421365
16.989660311094113
16.137519094363608
16.142772162517524
16.141501583484537
16.136228837284005
16.142107002782005
16.145682186514765
16.137320570293937
16.142161056335137
16.138841139232287
16.134576520277236
16.985891715730396
16.13682096914439
16.137815594910638
16.136152574260144
16.157650055695033
16.137710029193297
16.13857035827445
16.14590481687781
16.16420386467318
16.13609247643135
17.00973806218076
16.141402190089458
16.1609801674197
16.982667780175603
16.134315655817215
16.140298796485993
16.978750599529278
16.137211509015255
16.13882103094393
16.142231472885943
16.139351963004422
16.1431242948478
16.140275644419155
16.97802959210323
16.989023957913375
16.1365200373026
16.1489121574318
16.991410946312076
16.137820450928203
16.975720592845295
16.991766759133593
16.139020164023098
16.98320675828358
16.140827588329078
16.139969248031413
16.155967717780573
16.13972059519431
16.96737745789043
16.977941498016214
16.140506882104464
16.14640672193137
16.969217994360886
16.13697461195305
16.135943211161035
16.150467046648796
16.14390359365337
16.138522319485073
16.145700253537157
16.13750351816229
16.142260459929414
16.14110735216647
16.134886520904804
16.14320308162243
16.13533475201972
16.141139632717458
16.13444017315313
16.139498601774495
16.136661747954278
16.138291565672084
16.13826386061637
16.137869245445852
16.145087904452346
16.134704025527082
16.14882384668865
16.139126019219635
16.13457049466367
16.13807366308526
16.162547791156292
16.13852969078022
16.140517029138195
16.13629383912931
16.14236841145064
16.142354810445354
16.1447734052903
16.16322394221846
16.982681076981528
16.136158498734762
16.1421285189187
16.144550461881355
16.140492611485953
16.144648061825947
16.14028470283072
16.137526441738245
16.140544110825797
16.14655282176556
16.976439532717784
16.986159569421254
16.977106614521745
16.144267908630066
16.992192168753583
16.13556628411442
16.978726791467476
16.98641021467526
16.99584519567762
16.13824679341543
16.134999065553455
16.147441176208947
16.13619207609454
16.135575208688408
16.14022697104189
16.1410911821212
16.967278385995208
16.14833723680062
16.136743249146825
16.134666424430907
16.135683498234346
16.142011152739325
16.138391652320056
17.00574528306863
16.986703519049534
16.13913002824846
16.155459120773926
16.1428647546689
16.97509652797541
16.13543438872344
16.136684257518983
16.142829223392294
16.136780630000708
16.97930646947746
16.13568209858979
16.135597413574313
16.143121328801982
16.137918754140518
16.967973513908152
16.151320789769546
16.13719469415378
16.136357315835667
16.99865762837187
16.146485020870806
16.1436703254944
16.14411846086087
16.142594743896876
16.13927625282263
16.136844825031723
16.140819839687303
16.14488596265856
16.13463904786956
16.99494476288684
16.136016449500726
17.01129666879403
16.140091116633716
16.13579502962814
16.13573141247982
16.14268837151037
16.137014287176445
16.136821562977925
16.135625597694904
16.969154789030096
16.13885490172755
16.141313899753268
16.136865065505436
16.13828926913373
16.1392295581126
16.972245811120935
16.148765374145736
16.136649275737785
16.149348734532243
16.16688270496942
16.968542201682496
16.135167909742655
16.13987218003651
16.15079048172181
16.13698876780473
16.134443958656206
16.13639604318133
16.14692454972756
16.138702778936178
16.136756586351794
16.141021739939443
16.134301474885522
16.135875018755648
16.14422056895328
16.135196378943977
16.15401339152808
16.136938583234098
16.13871625263247
16.97128762735546
16.13640598223051
16.146567121630724
16.13616954908385
16.142285588991452
16.158721862803876
16.159164283543976
16.136336559373913
16.1362199521768
16.14100344588869
16.14626915179249
16.159180643048558
16.13633281533565
16.136634139066516
16.135010094495776
16.142983604546295
17.006947067943553
16.138553124258177
16.136387251714133
16.14892925758919
16.141471033600585
16.161800911402672
16.998248491577264
16.97397050792801
16.968318060512676
16.168897168769917
16.138689084733
16.141647496983417
16.144215458447
16.151708397850683
16.989889167110704
16.978338452559242
16.140922657187282
16.143943404062135
16.136487195824824
16.13868141885396
16.980187257433826
16.138011074107062
16.13939016562486
16.140558078998193
16.97837540841161
16.145078510703094
16.142449575661818
16.13790880265805
16.139288129035293
16.13876195901229
16.141810630918975
16.13596780848116
16.1367065834651
16.14372682126534
16.141926949645907
16.13999897783617
16.14130525927351
16.154781700417676
16.137025416875325
16.165099276166227
16.13934232228962
16.151389774158726
16.135915813100958
16.137558415334194
16.982412233493037
16.139257509320114
16.976308223122636
16.9803835637405
16.13506626745167
16.137058107735093
16.138464342207033
16.13917063825085
16.143324823727802
16.13491411011795
16.139565611903702
16.13661578735002
16.137594231886318
16.145703990237948
16.134448396833108
16.13706468471297
16.152926763483176
16.13961878871458
16.136856726794182
16.138681063938716
16.137131782891377
16.15165773678733
16.13687647475201
16.139132036469515
16.14731308269978
16.140169502644593
16.139477537310817
16.138418883647415
16.137703787080973
16.13535519680839
16.136379721001884
16.15332537988492
16.13745542140778
16.13581679240238
16.13860245571792
16.138875555423834
16.136132932454082
16.9778228304508
16.152544335996698
16.13746941368199
16.14043774562021
16.138313066559125
16.98775977951667
16.137386630727683
16.158620252880855
16.135683261066397
16.135536748882167
16.155901210469004
16.989920494358028
16.146803895405327
16.14414791689045
16.135909736280833
16.992534739707786
16.135178075356183
16.143366848497326
16.139630599104077
16.14195249662167
