416.62205842016033
415.45340466719205
418.4648738905205
420.0881481776669
418.6971520630861
416.7219311272406
414.6086539610321
415.38705845220363
417.9092352043077
421.82119629839485
417.69389786224855
415.4745806665987
414.44724647771204
415.84842890280913
417.2537818450979
418.7066144559391
418.3179109463729
417.4900665349942
421.80422443658114
417.2702150698496
416.12594101038843
416.30612918149757
416.28811888162727
423.03256942937895
417.93491173573915
414.28527629227824
417.9860199525934
414.7444681121983
416.4341866095872
421.1204171967866
417.71644118476996
416.1439569587122
417.7885348680511
416.7618061111918
416.29811225419957
414.8411993586285
416.7339286383306
425.75423503416226
413.96224437074636
419.6274901998047
414.6742445944064
415.46370000041827
415.2638637954316
418.1720960063662
415.3653322178771
417.2357811404213
415.3591705738325
424.9481886092486
416.00712611311116
414.8738522212504
413.569109484326
418.24211722199897
419.7885527001669
416.4141740333623
420.9962545875039
413.9381632703378
417.27949090838615
417.51537059957917
416.0538696306324
417.2730171010695
415.1973361899232
416.8074099717368
420.95939533691256
414.15135343420656
418.5550909645065
417.13419779937135
417.1338698459149
417.6629178839036
416.24103905544234
420.9539211522908
415.13071251715394
417.6730035686767
415.16974852737155
415.1178588156284
412.9368858195781
416.15944745564303
419.46680194247114
413.4615119092765
415.2353473638178
417.47100402593856
420.51333237630274
415.02967504902756
416.0508166519887
417.4809442431548
412.8689283960185
416.00526702064553
417.99909315974116
414.20412142699615
414.1083113672639
421.5472735459746
418.02474698557353
413.111812375387
416.9397399802258
417.3428285224462
419.726840731296
418.25599778183886
417.97353325762424
417.2156459119434
412.9107893723563
416.75778488119784
417.5716511896641
418.09445892872884
416.69235547196513
422.52538144082337
414.3349555129538
417.996605671316
416.1485585246997
418.86463933389825
415.4333490023438
415.22418369100257
418.3443167448316
418.2869300224267
413.5412872953158
414.4900829193398
421.6385334761599
417.36544122746477
416.18457140124394
417.66677113494956
421.93874502142023
420.25317605586986
416.80183389303136
414.5448095932838
416.304971742499
418.8466220481676
416.54738202451864
414.9505135195324
418.41375512616924
414.4876508295031
416.0072299771003
418.70174980331973
417.29161695107433
415.9304134078394
415.59163974225044
417.51707544693846
417.10213367559254
416.08677347864784
416.7868186159127
418.2692920311755
415.13193568862687
419.1479219985232
415.4844133900191
416.9932078234062
415.63553845558505
414.474893079672
418.6504825714912
416.1737653333601
416.5913583964252
417.70796867936355
417.1165525216316
415.0583566719861
417.2457281768115
415.3934295365004
414.62305223938233
414.0295998892654
415.5895291930479
416.10000702950526
422.01390347291436
418.35748103623627
415.1030463016224
416.5724231465369
421.1734549283137
419.99980481571856
417.4342379809798
419.75511817436904
413.49069394963055
417.5994613589995
415.43578852305734
414.96184516044065
416.6794307864751
417.3183418495058
415.56203174724607
414.68032247541936
413.019311960013
417.8810352711101
413.5202126095948
415.3513257842353
415.2407038018559
417.02462889570023
418.1759315123501
416.8492143702488
419.83642132788066
417.78266877222063
419.7013317057901
418.474833722337
418.9724621805578
416.11110293142735
421.2284753531481
416.7305968376906
414.20301341144767
416.1029449734825
417.15793902209447
417.81590791775494
417.5931464793172
415.5495338106084
420.436287678329
418.8536343884116
420.05439043465907
414.61974833443645
415.74933849343637
417.38529070681807
412.75562180454375
414.96433713179096
412.8006020498396
416.81690887006965
417.1878978240419
417.33373344768074
414.1610469427397
413.65471033361297
415.0601183408663
417.41345967831006
414.5142663206515
419.91932109893594
417.7059286611452
414.51087795082424
414.1785776088833
413.3922623166762
420.9646363579819
418.9429640302526
416.54660595321593
418.0869799749068
422.0629512894787
413.5103877152471
415.5251774462879
417.1778404665135
415.3608234110535
421.50281847917097
414.8380020343722
417.8761227129182
418.10140714397613
416.86815810928715
418.24186874951977
415.0375977344302
419.0572143662661
416.77108765987634
415.5314364967684
414.4489701318723
417.7887150707788
413.20777998564245
422.42759889486376
419.94664021052694
414.009618023184
414.8470491679429
417.8226425381618
417.6909479206992
417.95082686775584
419.9818809807884
413.35753257369373
420.1621969949811
418.85616882158587
415.46171688805185
416.3376531106852
426.0153174406827
414.38000135792936
415.97685369621354
417.3347925730355
417.5996081537731
415.339870877104
420.57342029223213
416.9778200542277
415.9724121776263
418.33422471833234
416.0684096942155
414.3993001821669
417.42704202225383
417.2797756624886
422.4143163171894
419.0809245518879
416.3603945247155
415.9401376694469
418.87650478081156
417.86676156978524
414.57691956610404
417.001040073563
420.53325266898963
418.10251688542246
415.3404155463983
414.25087209326847
414.1631709742455
415.2192629403368
422.6902423553485
418.01574619642275
419.49338561226307
417.19446235766486
417.53987026684024
417.50714225912645
418.0153836560619
414.25327307384316
420.7610917517052
419.0664953614818
412.940940146134
415.68257472361825
417.18336788557315
414.55989722832516
417.13072323558714
416.7645535217151
416.01945366049034
416.9067109258544
418.64039631610297
417.4586867871986
419.70623523038097
419.7650989693126
416.870393573607
413.8981485005532
419.61391800236277
422.61941896016975
414.20453076554645
419.2578460896895
420.64248718341094
418.5812548841134
417.13739478556175
416.86506788594954
416.89429448964626
415.5592878481118
415.5550159598994
420.2445036342288
416.72359119003266
415.3942265208441
423.68201549153645
420.44320682500535
415.50244954616426
417.7020133700155
417.5848780848072
413.4384168611085
418.01118438462424
414.49167573660884
413.3302573446065
415.59621247917414
415.21589292779413
415.1133010437679
416.19940751708896
413.4925544494534
415.5809073377386
417.01028662405645
427.4192829708821
415.74439147746307
417.1917101145243
415.66830148862914
418.63803262786325
415.8288509075735
417.87621977668437
422.01443837206824
417.3785044310555
423.50518393074896
414.4349816729118
418.1715820837245
413.9972522644507
415.64659406886625
418.68835522808166
422.18920204612317
419.6600092073626
416.0511026571088
423.6703319262924
416.7270039152916
419.672851907978
419.2754247568323
420.95208031476267
414.0068385495046
413.0190752403483
418.79259844965884
417.174292966246
417.73806001533455
419.022641886873
420.1351372792882
416.7734235320827
414.715159239645
418.4006247114077
417.0545262594428
422.53812820795196
419.8454759346332
413.8223522637485
414.453770783079
416.79622954963054
414.61033547523556
415.4657917680774
415.05974426405203
415.38050413819144
417.5710842952636
416.74195830774966
415.05096278317166
417.56767427245313
420.0227064846798
418.36908471995804
421.27280217768254
416.8062118912504
419.0393897929886
415.45621427062997
416.3008457507083
419.782211476737
422.69180057358807
415.20687309484265
415.2229531093966
414.8798177649897
419.56404473512805
417.04003920224244
415.9871793854509
417.2498050155103
424.1824982628466
413.33828805082993
415.88439326267496
415.4628518263859
414.7362756489662
416.8915824023015
418.1159229354497
417.1564172891413
419.07384314321007
414.4535582389038
420.78157618305994
412.9135425926557
418.893014719363
414.63346895797747
415.87135882619725
417.5242521915152
417.06366977293874
419.05804343787383
415.8967914867792
414.1392697366473
427.113405792551
419.241256987295
418.2566124444595
415.43749058052066
423.95198270761864
419.0769916016512
421.76582423117094
416.5810841748816
417.9596686442631
422.68259399046315
422.0362536267238
418.264850971495
422.0654441666733
414.59098413288535
416.96512643669263
418.4250372645637
416.0103935097551
413.9358944114618
413.95661963860647
418.1370281254241
417.81035859994597
417.55011429283684
417.0589832236055
416.27580626220146
414.9988162025821
419.66497490984506
421.0809767679007
414.3765661582544
414.67099467879115
415.1773066469359
413.0195786415234
417.81758258309844
415.076565249559
417.61426330199663
421.1220937661868
417.70204911864494
416.3857118984654
418.4357672232995
417.8459836946423
417.31380660416
418.1729778915462
419.4593930577008
417.61733127701325
414.77108962243096
415.5247516959542
418.49628494642747
416.932143494781
414.5970715041383
422.28868246675285
419.8003546052597
416.38592187088494
416.63996431169903
416.68938707744917
414.31636989305485
423.0733415014844
417.44416690602293
416.32544719053635
415.21781099792236
417.211748090552
416.7788619393016
414.9991889532284
414.4709769029588
418.24209474147415
418.0364814074292
415.9875357114283
419.615412119093
417.1069944764614
421.32025363725626
413.84346882962313
417.37163892581447
413.7679921234732
415.0487636859151
418.24971426130986
416.9531718758002
414.14703011213925
414.2335599090898
417.84102619744726
421.6534706872666
415.6042863953679
414.4715197712583
413.72022601511566
421.53482869388273
417.4021340914014
417.4799743863223
413.54488557772055
415.97539511379296
420.393408573223
415.77826451850615
415.85114671768247
419.290642312421
414.31588681453417
415.4556747040682
419.30649267494175
415.2295664216691
414.8823351771336
418.8232641586055
416.98182591414616
415.875311754874
416.3977567041206
416.0028906743473
414.9900591531823
414.54228835162417
412.5340122248563
417.4243859732083
414.6467311844469
414.33235556735946
414.85797053783347
414.37243552642974
417.15204370932236
417.27088644975964
415.15194591476904
413.74612530825374
417.2631895802414
413.91327621513784
416.94775141817456
413.9160838581136
421.602721449822
418.9111032318928
415.45227747442493
416.4492113183229
419.84754895075326
421.47256181111646
418.22041687810736
418.1426470845991
417.0947668401549
422.2600647198279
414.8295469277683
412.21801537399216
416.5666961753044
413.26466612501866
419.4249224027092
415.4731667313112
419.54600808867707
412.6100515562105
415.3384798056265
420.9480049790831
414.9444389544086
415.55437685061025
416.4189335158086
414.40419895721686
415.87926704304306
418.92511172015304
414.9741372081886
416.5729743431775
424.97646901887475
418.2841915878998
413.2224339566149
417.58598674695264
416.23276242305684
413.9480151365236
415.4048612672767
416.4319344399522
418.7944317715044
423.3071147227751
418.78603280186377
420.22372152956206
418.1178661945987
415.2634277011872
413.50578316538895
417.2664535344062
423.38271672518704
416.0802487675729
415.1190084644283
414.9384210007082
416.13155337510034
416.55267856274105
416.7034509661491
418.1004627771162
414.73174030214125
419.8128985615328
414.8727750675642
415.11711997459435
413.95691077991194
418.84733625291136
415.09408741263064
418.47291349092734
420.540049459213
413.9765413552236
414.33511156423356
416.2179080547481
415.66893644638253
415.28341912716576
414.85611008952793
422.1463558078526
416.12115298155
419.0631442523364
422.8676607869905
414.6840923457624
419.02744102033716
418.17331354320595
414.4325113354737
416.8159339334135
419.3685667574194
416.32862440357746
420.02479433293604
421.8292094108557
418.71992759930777
419.0116105002042
415.81233034931347
422.55244184032153
418.44470747965204
415.11455320477916
414.05805547097873
415.3143882358361
417.2413211459756
414.1067536495867
417.7572966935748
421.4595669157924
418.89824704669303
416.03329967399566
416.6231834761403
418.1903854305992
414.62887557471356
413.30274524506746
418.68696691817655
416.58300779418647
419.92626728626846
413.58514183951945
414.76684394792005
422.41430224080284
414.9727145573594
415.5264863967481
414.42235959809085
414.8133715685778
412.88824082550593
422.48861626144776
424.27100419107256
419.43119179569425
417.28727246337905
421.2655684817773
418.61332937525214
415.644620638054
418.42258836348407
417.9803788095995
413.5933683634656
418.09628597417395
419.9229888923292
418.86456187910164
419.6528246395575
417.7246362448013
419.44438789027254
415.31375386853085
419.3021403570479
419.2109997706634
420.7294325484357
418.8179256626515
413.2130821618972
423.5783080330963
414.65065294245926
416.8773511560029
420.36071718991656
419.5084582902409
416.0954317979596
414.00944055676956
422.11038846706606
414.91892755373925
418.71245825504553
417.56147513491294
416.36617454719465
414.64467696555374
422.3984462100281
416.00004022668077
418.41856180851204
415.3305535809884
414.7373572363949
416.67601035886423
414.32980748465945
424.9761351158921
417.79964747631317
415.0381671064359
417.2028729624506
414.9634839312416
417.26167847778976
412.8570555282543
417.88591671730813
417.9162524899682
414.3899708211702
419.30409024166033
418.24250065022466
415.2117763854687
412.97879942530506
415.5271893885028
424.9676162945553
423.31897881077845
417.57996743400355
415.63772327732863
420.74078446366093
416.87348920657575
422.05740789647837
415.308804144279
419.5592432771444
412.89427764239963
416.9594121586262
416.7134091317651
414.1286038467159
419.048776875666
419.5607470522346
419.36539632282853
419.72857907431546
419.3336977221974
413.7726588467735
414.3134921222834
414.22809452578673
416.286325642351
417.1989014342645
417.73776062995057
415.31511985142004
415.9105048917168
417.8633383390984
418.4515426186856
418.82936580085334
419.66781505536017
422.73323341417006
416.8153056712739
416.1476563340507
416.8821573822494
413.9308080520229
417.3536259252811
416.5926373684208
416.30074287696686
416.33362320858924
415.15798815303634
417.76234481904135
415.6356048544159
414.6921342593822
414.54236165918286
421.14895314372126
417.8005403335767
416.74516227397896
424.0848826351694
414.4230200835702
419.0902283339094
421.1216945086251
414.1009437359979
413.98801863731603
413.03779838948327
415.71326172576835
416.23670198654463
414.56178826875424
416.5448632604634
417.47182198732065
421.2020800321188
415.9703119592954
418.2357070939663
415.33345520865663
415.7302648056101
416.61724182799236
424.6195873375111
419.74234206895494
415.3129608267168
416.8197003964106
420.5114756844483
418.7338636596548
420.6394320555902
414.51891136948285
416.8327796366156
416.3979024803743
415.76490248784046
415.0562703839332
416.5740041775246
414.5483062408621
423.01653264741736
415.3278009944814
414.53063734216977
413.17743768075667
418.64148341324335
417.86986283588425
417.94494075542804
417.4980727635047
413.3966223484766
416.26339185824304
415.31347286188617
418.2577887078989
415.73027907220825
417.52196517110076
414.06246313174205
416.0029197704618
420.57431794008954
414.7712645223369
416.1592338001978
417.3962241699453
416.3120968732299
417.1086888230169
415.00306523260474
421.71840779317347
418.46794843640276
416.0982032108319
413.99859936904596
413.9968847068836
413.9221224216706
416.852837077904
416.2834190055318
418.899133897666
414.86649781739635
417.12292913798143
415.1730392378301
415.88980642378476
417.34924056142376
412.97245170378784
415.19093950953743
415.95579528100603
413.94222660207834
419.96734693007187
415.46947375218775
424.6761503199293
416.94487412624204
419.4703035092472
416.67744598544226
414.00789233301407
415.54480448667573
414.82316874544176
416.26617357720176
415.52413603795327
423.19329590835656
420.1274270221778
418.0036213501105
418.4361590072741
417.5592077357489
419.40574992391964
417.1143994365646
416.89030591388257
413.02668098205584
416.315364410207
414.57366492295256
416.26750293120125
420.6738238307864
415.5191936761126
422.69575700703524
416.11638240623756
418.1755725030581
417.53102356865065
412.27449137770424
414.6432796743555
414.2956705345809
416.36462202504106
417.16548286719734
415.6590547433138
414.47114657992825
420.2142828592385
417.90571373787225
421.90512610888646
416.6843524722561
416.37512870154137
415.82140143541716
417.94068244822375
414.3044344962629
415.05603914498715
414.9226778439017
415.52098357265214
418.42033489081155
421.4578981344926
416.9080169617991
421.57124802490114
418.19012165201605
415.705015727724
420.28765349052094
414.0298783798444
414.7725924222314
416.74927992790475
419.406449531881
415.27907940541223
419.54085613952054
428.4568680023656
416.47585618526114
418.83892457279046
419.96842876764725
415.26678407253024
418.27242613050356
418.14736062460577
417.50636065241054
415.2880785994595
415.5200919962626
415.28406232231276
418.38963300577694
412.57368135654724
414.4461329290373
416.61903046304
413.2077952347961
416.73709469884875
412.8066439292999
418.3852538945041
417.24109544439403
415.24663400900175
415.9792965880915
416.53451776393723
418.602931113205
415.4088982984488
418.5982799476615
416.88716708926603
415.184047176542
414.69325026755735
415.4425056149943
415.2194121604684
420.4833975840379
414.92999925779253
420.0515360370231
419.66695307874164
416.2994308507384
418.146310113525
417.6791151029853
416.1420211221717
417.20395083285126
416.7459999174466
417.14548340283443
417.7668236780203
416.7408073330962
415.2482335713744
417.5392582956764
418.5098654096717
416.73331433085747
413.76425091148514
417.0698941839205
418.9163298460625
414.71475724641886
413.44958049111233
417.1247099677453
414.47917421054626
414.2756635966633
417.3288471544839
418.03930223566425
416.8273223313405
416.7195811281768
416.76970682930914
417.1234403044583
416.9731597997606
416.29476997283336
414.87208579494285
416.8940721854097
415.87604465606603
414.51422164513093
418.5889213323968
415.21067966182034
415.48451114816453
417.06186591249053
415.5339485876625
415.4767157184447
412.96116340539584
414.1294330978951
415.92857842367704
414.5079557811482
419.19931841969975
417.0522113355018
414.1609379121374
425.03047052988774
415.8821199584207
416.7584541839577
419.18996129607115
417.69832891775184
419.2627196595353
416.0107383123893
415.17358454349625
417.34072139363064
414.40366489486746
415.10695649049086
417.34804703268816
417.5680573000906
416.67503243966564
412.7729079468871
417.58484925694256
415.0154259440351
416.6704759575283
418.76321891322124
416.0357226367548
414.74355891484987
418.37843525919766
415.6252420101145
413.0691612937253
413.39713780844545
417.4564666668331
414.643463914952
421.92388022913906
418.7249859661111
415.6904678249164
416.17913583668366
414.4493054955133
418.57284419477827
419.2040030168958
413.2804409069338
414.87733928862036
417.61597458415923
417.6578012283084
418.68611796013175
421.2954530800511
415.62088949555766
418.70392263907377
418.79684484522096
