602.6436418137409
594.6801262649042
603.4520309141011
601.6681215406333
598.0394251581034
597.6709475344763
617.8112457124383
598.816276583639
602.7212472003894
597.9738393338993
603.6522406993358
602.0792415394371
601.0620806953071
599.9189608671718
605.9443111748208
598.7961168449466
602.7289642045033
605.1629485043626
604.3406612280983
598.1959659339622
603.193361175699
606.5590648748196
602.3557391956913
617.3342248524189
597.1067932235097
597.2072535261259
606.8825998817906
599.5991295953978
598.3812958898103
603.2583415210919
600.9892584512863
603.7584803966331
609.9018522399784
602.7869272887698
603.8357723358047
601.4734225254808
600.1457543133134
610.4836758399981
603.4773483032652
598.436643113506
604.5683852674268
606.1743152111486
604.6969393201213
604.6632490091887
604.2388534518318
600.581054417228
611.1423687833775
598.625639172945
598.4287922182573
600.8983442108946
603.128015553371
603.6230522676985
594.7957157233922
603.1056858152589
605.3697144859377
601.1139286240693
604.8399084206187
601.2169972487817
598.5829901823633
605.364688046997
600.1078504534046
603.8642915788764
602.441524054015
598.7659539850472
597.3259889121326
599.2832090930557
607.1654125435577
608.397223878257
597.760448497859
599.74947850513
597.4641271768776
605.9767827971472
595.5224529911338
599.5848648064637
603.1334479213123
601.1376177126859
602.11504815301
607.1473543815544
599.9999083004145
603.1982780269163
605.5769261858848
600.537124337228
603.5041662309039
599.8494617953977
607.3475878524554
600.305587192616
610.3734176561834
606.4984723268133
599.2131148396356
597.5536287766997
604.8833820086197
601.0893184231778
600.6339499992068
617.2378861310694
608.7813086574436
600.7769151473765
595.884597168661
599.0518474373802
603.4263782601785
601.9611829766989
596.0746941900617
602.5414298478685
599.4470067003372
601.0340756393392
598.9383537788877
601.3200450813348
601.196049876939
601.3514896738636
609.4397775180737
608.3415047287036
602.6299382651919
598.1855127823795
600.7902975313643
604.0174387527879
599.0106551582635
601.2365918884891
611.8839031755717
607.3865807624336
597.4744394942793
601.4069619677407
607.1426355710187
600.1629608086225
599.5856305779416
601.6337997098918
605.0906104026636
600.8972265765997
605.7882956100674
603.0826839573531
604.6676143575415
599.4360695537977
597.4309760630332
599.7732729505094
603.8469950170645
596.113120393724
601.4883104004535
598.1503928415661
599.1130210060362
599.983181407289
603.8323697770603
604.0123727754084
607.4729492542431
597.6850476300081
602.4778784045309
602.6156602614352
598.7246983066759
604.8569243188023
608.0704804196313
602.0865182519148
603.418482971812
605.4923637612726
593.8354908535903
605.6852246151876
600.2868250035293
607.6603938270453
601.4194160892487
599.8145315785556
601.7354988066725
604.8959470529584
601.7171656694838
608.8119994857733
595.6269572621769
600.0056546992244
598.0800395287665
603.6371544199351
609.0949080186722
618.2177192554681
632.950109617182
607.6201447604782
602.9488480524872
609.1752831223658
615.2319520885853
597.6002032307055
603.6712970575248
609.7979217885351
603.9700504495996
602.1590000536048
601.4306023049387
604.0842299290485
602.9351537340413
600.9585817630012
611.3042202138809
596.7674441397145
602.30502705435
600.1821539626035
598.2761433406164
602.0101542169672
596.4835575949946
609.1162436198034
603.140666023182
599.5960364460906
598.4859842543838
600.6477597293613
597.4975321685544
601.3422810196479
598.1096422365574
596.9447333414062
597.8917471965276
604.2930823839322
600.7540693343291
597.3791050260168
602.6824422724563
596.9104302754207
601.7667644770031
600.0936997044255
609.031089178337
604.946876761843
611.0226644130922
600.0733243501963
602.1459346046738
597.7681306161435
597.9656932226662
598.0776440182792
601.6966659802364
609.8402098071591
610.7187179406085
604.3733318315358
607.7538300658726
611.161836572186
604.0542382130986
602.2992765055783
600.1153177567525
602.1839130698618
600.392815064783
600.5859275302145
605.9117541328653
605.5128990691204
602.7802659208285
601.0717999912755
601.2686566803484
598.5852014311768
606.5229000677883
601.6691481788595
597.3286363948681
612.0503204403882
607.252615325706
595.421249068812
601.2369546315863
596.4975856047558
600.5993166736789
597.8659553292064
600.4534507782196
602.7519298025863
596.1746613175025
612.4299824059967
604.3033088463536
596.7545109219463
601.8635392044861
604.5122687107511
600.5425911669162
597.2363628271863
602.9127657625738
598.5957888433468
604.6001040989104
625.0116906725713
612.396331479073
604.3862728189195
599.6647702486201
598.4040316203681
610.0794286493289
615.5962897608523
596.7005528614034
603.3816863926754
606.6843395429754
609.6666025181667
607.9503973963622
603.9180480236846
599.964503658888
596.1110195250777
599.5329483542912
599.2838850055133
602.227448309303
600.923289248036
607.8706159420796
603.1307804534816
622.1506001054613
601.3719480075225
599.8867410368136
601.9689146085173
601.1058649851192
609.0709690083694
599.768449640606
607.2299191475485
602.7302312038298
597.7902359048315
605.9062346121387
603.6966048914998
596.3184231523127
606.6570109972984
604.1571895468619
601.5679417605047
601.7648261308785
603.4494402258427
605.5987049726516
610.1290026248274
601.49687906166
599.6586112139927
597.1215297334007
601.938759052698
595.7452409812345
599.482883560677
603.5494004053354
601.2734291214381
598.5469535828537
