2286.4985582027666
2030.9070577369437
2083.0020543405844
2050.937938218004
2079.67397445024
2028.047668800847
2028.7276144838359
2072.672371343959
2028.063987594637
2057.219934488438
2122.178147153076
2061.799956353729
2015.6471128008327
2071.73877994803
2095.9842962641073
2026.3864273241943
2104.7295139625776
2026.692532962998
2115.2588673250198
1983.519912346142
2073.4510418078485
2133.3446457133905
2004.3084409434712
2080.2010145848153
2038.178176860904
2015.3912610504651
2034.611819476545
2032.6547115550388
2008.982670826596
2018.6942257087728
2047.3123376431424
1984.7636437007402
2108.627516992265
2022.3787693422785
2118.9783299982905
2059.5277063337535
2034.6851649933485
2057.373092386602
2080.826638914762
2120.243941003583
2010.8696289612128
2146.8017021486307
1994.6564424329079
2060.9513373624927
2013.4627708199384
2058.3598451974585
2050.971548197572
2052.7927278058623
1967.1599743207355
2152.6700481189328
2016.4530903810733
2168.6258616620394
2038.3161521492448
1991.2593903122804
2071.5904061914857
2030.6946068857608
2024.1798459389533
2078.1215058614225
2058.3084471323627
2053.2739084953605
2019.3430764850252
1976.772870676647
2039.1985191491797
1998.4198337195703
2033.71682158672
2060.023686218701
2070.957726134627
2085.2555097583277
2014.694933776766
2059.2285458676556
2041.779068356749
2059.872034923093
2020.0447194805895
2012.2642931715434
2059.7676695680216
2024.418781859501
2056.614384340066
2005.5538003662534
1978.0346917244742
2010.125812027178
2020.3009967162125
2093.1591742879336
2083.9704047897317
2041.1580384371725
2036.124665197512
2121.8070596187295
2028.6347641060147
2117.801432339549
2086.6874919465413
2039.7413593947715
2090.756116631529
2119.6269943400475
2020.0299076668528
2021.7257677445066
2089.142045480937
2039.3054258337047
2097.4687361972874
2053.0812829578954
1990.2563893737724
2067.985793072881
2014.1232991273193
2117.0679695240156
2086.4622935743523
2011.2632321085846
2160.979981059108
2056.690119826515
2162.202424101816
2004.4252286202777
2015.816545137117
2014.752662469897
2098.3970880655365
2044.8100770945991
2069.5525282968597
2062.385193398772
2009.903657865212
2064.8698717699112
2024.7628982038905
2018.5643758233728
2061.520846941699
2055.6608072946824
2014.3056947536172
2139.129682384611
2023.220018446149
2127.9748807942665
2023.1532383277793
2041.9545323157215
2094.8272303528556
2001.56441957017
2060.0106531535853
2035.1390600667842
2017.3217687022043
2151.4928979591996
2048.679518930281
2068.181938370441
2064.7010071422446
2014.8265073469956
2079.039742518168
2004.393553856229
2080.626031420501
1998.9640905002905
2042.5168919534406
2127.8236209058855
2047.5267451831135
2036.0390094169252
2023.202942006086
2021.6238282742975
2111.113116863061
2046.2002391889046
2070.429744190652
2029.2836327243972
2038.6228250923477
2010.412613261902
2009.8052315722496
2045.3761820570874
2036.9426001481627
2024.2034836312132
1980.9883141446849
2029.5222521554879
2005.741223891604
1976.3689550827014
2014.6782833736695
2057.532755454751
2046.2009965383343
1996.4178671832367
2020.7703424684917
2061.487667959084
2038.5570867555307
2149.585936044433
2057.2124778069524
2011.169767306897
2078.9096908541082
2087.231856348753
2004.629090538073
2041.8420162241584
2018.779960234205
2099.139043135661
2024.521414010363
2080.449679759048
2048.721180381876
2003.0310853915225
2061.3489586594737
2007.476468712934
2057.406197829082
2057.088146748236
2043.4117163565954
2078.6051678670656
2129.9952680931397
2009.247086248564
2123.059133015749
2085.40401379329
2055.6212329907676
2060.4646496155005
2075.441545358427
1999.1272691381912
2009.447275257161
1978.422617176551
2063.4603773691733
2068.319594900047
2037.2803603238003
2007.5114239614852
2055.781222346497
2033.2144473173023
2016.9462098282374
2008.696474967533
2052.6305675319854
2056.470432418824
2030.1667832293274
2116.4521847261
2147.1227774232193
2086.504781848142
2114.633774213188
2087.0776880936255
2076.0156123249226
2084.5362134136617
2078.567841217153
2031.5293318226177
2078.607277295408
2056.3778228254455
2058.0928581759426
2040.9429761521947
2082.4499910468835
2044.1906950012103
2139.223051438422
2052.8522310328053
2049.5487180200853
2012.7793056500616
2055.613604885893
2042.9638478201944
2050.8597613208444
2021.704919009253
2079.919027595704
2085.549114260166
2066.304076450146
2059.613841567526
2063.9190676239214
2040.3894640466085
1998.9009277941364
2039.661371776588
2057.9777489302505
2111.9329896329155
2048.5441835955976
2027.6878423904634
2017.5391156766816
2041.7453132533692
2065.922353084304
2002.860704121881
2099.8908185311325
2073.172634872213
2072.5044026317623
2058.6695202137366
2061.508254037651
2032.8325155673788
2048.3042912186347
2081.483705776587
2086.485557032587
1980.6136756211877
1992.0026746837966
2073.657383642184
2059.133515115248
2045.2619462754928
1993.9173116607874
2084.0580879694326
2143.493993747684
2106.059925401605
2013.2980422411133
2012.5612359910258
2043.2562506134736
2005.7969765762136
2007.2188655836383
2150.524453499203
2005.2917165268098
2074.7126880512224
1995.0528963714353
2100.9335467151873
2161.090995185518
2050.5157737789254
2040.3872799549467
2072.0885785893233
2014.482045346883
2031.5211633573492
2093.698302207532
2065.5024146598
2048.449057791317
2051.787415535014
2051.357015777711
2124.1117176411276
2078.6408128167745
2037.359868911896
2021.0129677354257
2116.7361355110793
2043.0564558298345
2019.4627737190735
2085.4673211234062
2064.7424463360767
2003.3316307348232
1989.7953827141084
2081.988709741203
2007.3691879498585
2104.3613870019462
2012.7032890472176
2024.9659973757048
2090.4221154115403
2022.5446431010694
