1169.1200748579158
1136.224489928822
1146.8396262637868
1185.395442014748
1143.4101527042717
1160.9714269813003
1147.9267104310125
1128.9713942829392
1141.9910112584332
1177.0688394435947
1150.020545002035
1170.1302641091206
1138.1137002253345
1149.3117034785002
1135.414518465991
1148.8312206551254
1140.8473505218299
1136.1726801078387
1160.1052311178887
1133.4936311894983
1164.5347997020183
1156.7476404350384
1153.8087682086207
1137.1887517301802
1147.3690503990601
1152.596957514697
1141.3180596863492
1133.914157607128
1128.564101144251
1150.2226218125795
1132.8697584124732
1132.7080050884435
1150.3293355403355
1148.2538477355965
1131.2812719602723
1140.0506428574238
1169.9769872188733
1155.5567325078293
1134.2730546179546
1143.2590147282408
1168.4550244547247
1125.4526771218336
1131.26806177014
1142.191170050931
1135.5009810309218
1150.1998958398694
1150.901663637765
1161.8606361669574
1129.8445041246619
1120.9003326290904
1154.0830270167014
1165.9205654579632
1126.8380243760932
1151.4411735233696
1134.9793135429536
1140.122691933905
1131.2897766120327
1163.6925128517266
1165.9703040356437
1133.1296680792866
1165.206586649264
1133.4789626727563
1149.348244594112
1133.6764212111734
1146.1012795997697
1142.9173215671929
1136.4497188902615
1164.0686132658984
1127.322540767796
1169.9673953792296
1172.3463694177601
1137.0025882436764
1126.5542527852685
1138.0392079344108
1133.9782700780008
1139.8880765298197
1135.127245783135
1140.235881675799
1159.3011170218988
1138.407017998118
1136.3116260212696
1144.5895935513222
1161.70124467716
1137.9871220522816
1174.3720717989654
1130.1463842490355
1138.1103669964143
1150.7613756681858
1159.9111148332283
1151.244555524996
1160.964426554118
1143.8103087210286
1131.2210333727774
1128.2503563928674
1162.3573583710222
1139.6785433048733
1150.6181619680692
1163.9352921507123
1140.7200543266729
1174.9070236179523
1147.8607492402452
1147.2818018786886
1148.470667922904
1138.5653709899066
1143.7427913837423
1130.31674654378
1140.660653701587
1169.113865458238
1156.1684441669386
1148.5215510562662
1134.155855956075
1151.8424920616985
1165.950714380149
1159.9513684057822
1175.8390600689204
1149.8794421965988
1144.1839461307814
1139.438011885968
1171.4251049281042
1135.7805995211645
1175.262676095728
1131.380371277339
1186.5248757665604
1160.5482252749516
1138.5389288791055
1127.2496145800546
1168.7756307111133
1125.87698080218
1155.6809317852124
1147.0558504110065
1140.9250889115212
1163.2631073189516
1164.9531641903848
1137.7095639347222
1139.4136869507006
1136.1028763322029
1130.0824640448993
1152.9090611486731
1150.9084034673601
1142.1326479916793
1140.7268168477974
1134.435064986395
1142.1259680673452
1157.6816514908628
1152.3813290494918
1143.1210068313292
1160.3995761806498
1162.0875607587684
1179.628624438952
1156.2904946490605
1141.736058795977
1163.3767314289732
1124.4546734457233
1146.6830006987918
1140.6265783107924
1158.7774946809204
1146.1979704218047
1136.385836230405
1155.5355059356339
1128.6876671875755
1140.1378634949976
1155.9314957182996
1135.6386326013821
1156.6541978619396
1138.3617567195813
1158.3840327685125
1142.588187302489
1174.661652871101
1141.5710439086513
1145.9494728225422
1176.9811080175389
1145.1577849606035
1149.2048728664975
1144.0125853909333
1138.1149067915046
1153.8202224690488
1139.452523089357
1145.219513661365
1158.8198885432753
1163.5351891826715
1184.1776618854017
1147.3336282095784
1142.4615668406489
1126.6171702022111
1151.5624495383547
1125.3065281856202
1131.8112810286377
1132.5502483599782
1130.0048046709915
1146.5493889902395
1182.5168268932496
1140.916088009455
1141.318908323662
1143.5650052883202
1168.7234754149194
1145.254739930126
1143.5414589939744
1144.8780716514264
1122.488410438027
1159.8923757543828
1156.6240473026835
1164.968216126464
1152.4805183644826
1144.1152445355253
1159.7072094990385
1156.7962198904113
1144.3349759650082
1129.3270174242016
1121.8176463637217
1156.5763245377598
1144.5802033236766
1134.0959131660215
1166.9983016756419
1124.6512046651987
1148.514223358856
1145.488801421706
1139.6850158444524
1163.3952439654358
1157.051617988993
1143.7096043473387
1133.649712579765
1135.1932472005624
1140.6067525945316
1124.252516618856
1140.969078977821
1152.1698681690134
1124.9618888559935
1130.3642994060958
1151.7291090868619
1169.7585365181385
1139.9350327266861
1122.363833063275
1161.1066544238663
1146.4452586054233
1159.7642652028248
1133.4461370694066
1152.391572689705
1161.6870720729805
1152.627348382799
1163.365232595249
1141.1063777979216
1136.3845067512805
1128.2423205862954
1139.1114421037205
1130.2404285576874
1138.16073565597
1142.0899046860502
1149.2764729209116
1144.9422081992652
1151.3222985172372
1133.4133025848494
1167.6886569724304
1173.499506520202
1146.0581976565252
1178.557546700246
1158.2418314200365
1134.0753055786683
1140.854683381871
1156.6702928970394
1156.7492900767074
1147.5954795728942
1163.0500349915362
1172.0805754225596
1168.0043886115263
1131.8218703017953
1152.860302088879
1169.991688264253
1131.3570739805396
1147.3913469637528
1152.9965986229986
1146.1782478131454
1131.998882467669
1135.9495984865875
1131.8789064834314
1137.6056110498062
1145.615514529357
1146.8031711980711
1170.632135790506
1158.5113696716724
1151.5064984689263
1155.4736484993848
1177.2897721080226
1120.1976002604467
1163.3629364017945
1167.6419621759014
1134.6809700029598
1157.6164025718163
1154.2542675101342
1189.7271693583239
1150.8234584521638
1151.2482561891698
1145.720246970512
1145.1674947812028
1149.7571924191725
1149.3024076020074
1132.5820341623214
1155.7498154389014
1125.6991597597223
1133.4200822492123
1155.3252025020995
1155.7696607227529
1146.84739673985
1162.1299887812763
