1522.4812851027173
1493.618319691401
1515.2099840605235
1590.4040967328237
1521.8392711042923
1529.4682610621776
1496.855740063139
1577.1281859495991
1488.4034471992243
1557.500323645995
1511.4641081216807
1591.1533760308903
1509.4422053780836
1549.6911773888567
1500.7736887414264
1556.232685362468
1535.1520851730643
1517.524410899041
1519.1942895829507
1581.923045298381
1497.322428542299
1547.4995038445263
1525.9342641688602
1553.5619039514845
1553.0302771757406
1507.991827588526
1512.891758732281
1544.200082268342
1509.2297753946266
1529.5489537722378
1535.1213680428102
1549.7249895229374
1539.1975433231178
1537.0884026579772
1525.6839267376351
1506.7990971974905
1520.725001842557
1582.3825476285197
1545.7519255985314
1519.4873164218577
1549.2419288895774
1532.1966265141436
1519.5251182436257
1561.8316385118785
1517.758542383564
1527.2615479408778
1517.2224890475022
1571.8914412071924
1541.4631253157213
1520.6188024380249
1505.7381585637943
1519.6143496363559
1524.8148220659718
1523.140816369224
1520.4264329254431
1515.840988697795
1548.444870853987
1516.5011260126034
1557.1021851983314
1523.122039812555
1502.684002601575
1588.2792285940675
1522.962328597937
1517.9480938214306
1533.9275812700441
1509.8475725354144
1503.2018793742975
1509.4717459554067
1517.8531982795662
1517.031312788272
1513.7595938733848
1563.5616110034027
1515.2088021736458
1491.215273938528
1563.5607592215906
1559.360588498096
1511.9580970251034
1520.5117012108415
1576.2302275355428
1548.4414167024206
1527.8089868809645
1552.3230596425383
1558.6379327075636
1538.0775468235179
1579.2567513662277
1603.7600387817677
1514.842576361556
1497.283826084028
1518.2065910144427
1517.3162707641404
1522.044951056803
1518.7435175019602
1527.2772670493353
1516.576040683017
1552.390009228916
1537.7608103859297
1504.8668891978982
1516.6772405615727
1555.5262538908617
1551.4554028325867
1498.1679254491883
1560.907631830325
1499.888986493214
1526.6588577229754
1542.26279790916
1504.9702181185964
1534.1279840120376
1520.8059754531794
1517.649403043328
1523.3181960227694
1501.6820379938788
1500.7563476966368
1497.3302402368565
1544.268002463576
1517.220778337618
1545.1637859463694
1602.4568212692939
1517.6825824149862
1517.340672461439
1554.824483531812
1512.231128836529
1514.6403724687966
1533.5877533209134
1573.0645051394258
1509.065219102758
1531.8361639097388
1562.3464614429586
1618.6844258517506
1528.3512484370654
1553.7378260043445
1532.678849884579
1555.01280738819
1488.0650914613796
1559.3580114591523
1529.0316592931636
1537.5125390124101
1508.4841717376537
1584.6298169043966
1533.6274018336685
1520.5379951460093
1518.5354631080463
1532.8373025247565
1565.2584890065405
1498.634565070789
1520.9749629808373
1514.903056323647
1521.8141945689622
1503.3569033606425
1561.3579454960714
1528.0408403376555
1493.8653890277158
1529.4234465473921
1514.324041880518
1510.2722733199055
1545.2516456776787
1541.3989900634087
1538.0395108490006
1637.6588472800527
1527.121510376939
1620.9598042681578
1563.142114584976
1584.7565239746184
1581.7638999804933
1538.3066467666467
1519.230635115837
1556.4589881394463
1494.8717777579075
1507.7695339854702
1527.6175575869338
1518.20339335077
1499.6252277667224
1513.0024669512527
1539.4983617253015
1519.8448351386705
1591.793057895416
1534.546704872656
1518.672815195573
1487.362858104578
1501.797345893058
1508.5728696596727
1503.151291222987
1583.9794464053862
1516.5154617964693
1560.7730894152025
1550.0163116036772
1533.9331685362577
1490.0924454717538
1591.0283377459862
1526.461000571914
1488.2634001436534
1519.2222218000163
1534.1376532942675
1510.3370104918883
1552.3163304299471
1521.4020038277324
1582.983866336261
1533.9279643694665
1540.4844736362818
1508.7804800644276
1502.9858739184542
1484.7248577188325
1499.8624056018193
1524.698995669441
1503.3606559658444
1518.3332136295346
1541.784894585528
1533.789649898474
1557.6514698123071
1527.9908170704205
1547.7425598936336
1532.9903003607728
1514.2134040310355
1509.4698643047404
1524.7587721860725
1502.3161341990228
1550.960408374658
1513.3121741263717
1523.741820812786
1493.1913196896503
1508.8407019525205
1562.594135215372
1525.7839185968396
1549.3991607545242
1519.1146140142823
1517.9218351392403
1518.0908680510988
1501.5875607843632
1511.0773067974765
1508.6874213808624
1560.6383764055843
1503.2098834306103
1527.2947797151533
1505.6702453530493
1528.2980375113154
1504.388262724559
1521.569343318522
1500.0538107219272
1508.7140639810302
1520.2218618926254
1522.3936405719821
1522.7341706689083
1543.1200228007585
1544.655732465257
1527.006388949018
1550.8268902148297
1510.8660426229035
1520.810646777134
1520.4023963593067
1498.0225487553669
1513.0668581335556
1546.0054322270446
1499.4825874884039
1520.782165597209
1552.9290691808546
1532.2001900556481
1506.2115582884032
1549.0288135758553
1538.4892168873635
1505.5690457940343
1506.9458789191726
1510.397000359515
1560.997305733835
1513.218168528121
1551.7537611295677
1596.265993935634
1536.0518513582342
1527.0830259476675
1541.9463219896193
1503.568065199115
1544.48013213803
1523.6823372311924
1519.3653761552687
1511.4606188358032
1505.2019565726157
1497.2342350125666
1565.5541758010695
1487.5844767360086
1513.5784013437071
1510.8639529524175
1532.2658731193017
1584.988513327871
1507.3937142395594
1494.754516777115
1495.5514108708228
1544.0888554127864
1498.96027338749
1535.23902556555
1559.7086173946393
1525.110914563554
1515.7985428312622
1540.5640076661707
1544.7572728189855
1515.351462807082
1498.1208083870392
1526.9614392018634
1561.0794582570556
1556.1945961233498
1504.1143648206737
1523.6969494202874
1506.4303300757838
1549.049247020902
1493.353669076386
1529.6593689182705
