2174.2522208679916
2100.4166944438775
2080.8896758866154
2137.717683856588
2125.9810734342495
2109.0662045722715
2126.814279140035
2095.8799533693455
2174.8857937942994
2116.5227151016998
2137.9898037508124
2132.58415683295
2137.149692991085
2079.9872888783443
2220.987702088481
2141.421362412463
2113.5066600820187
2066.7761260504226
2130.6591359549016
2133.8355060529175
2178.264230254401
2166.4593961808596
2099.662918386757
2082.8723662064594
2097.4961084036877
2081.980511097051
2087.019507174734
2212.021754166664
2112.7718633448003
2049.0126061934025
2235.911058376294
2075.659160297702
2173.6272510846975
2139.208027076723
2084.5019217953036
2149.5643065244435
2181.3618308164
2133.5721193282448
2169.753566489607
2060.614858521793
2124.824996001598
2126.308204185879
2138.4476625014204
2095.340371744862
2109.743449997631
2170.799626423437
2090.7118429923553
2150.5165633855067
2154.4576984768164
2111.966641839103
2156.971002013813
2284.616507792793
2207.024455714606
2108.6567875148526
2174.608350464649
2079.667996339397
2084.6154954961835
2126.743688876333
2273.0029566377198
2167.3529530192227
2142.8621441541554
2143.4554050665647
2153.1785264864266
2185.585236268945
2160.0251422944375
2141.908036711401
2146.414577895574
2158.500244842965
2151.221047530017
2222.2719219839296
2114.4096430527634
2195.307817918498
2160.6209840881684
2090.1855097637476
2141.4908469858538
2181.520698986047
2092.585034592844
2240.916979204653
2121.335840468592
2126.532416223291
2089.9987068382834
2126.1566168319887
2157.4052043143824
2155.358959657542
2086.757599118161
2164.2409531529893
2117.692956838025
2090.62375672468
2165.1166170410224
2100.001738109971
2121.0819173239975
2164.0331258705296
2091.554235471533
2128.62334757222
2164.0660441828086
2062.248997293854
2130.6266233030033
2192.0280299592273
2100.132935700532
2100.677148838309
2160.1018442599293
2250.1923928503275
2072.386668706897
2210.2777103350054
2116.2192464682994
2067.9909339248175
2089.638161093862
2169.498589558609
2084.6071605331103
2127.6428881188244
2225.037847873066
2103.2775560736764
2117.728935498107
2137.5470508139233
2145.6197675680864
2094.672887713405
2123.9055796236485
2158.563376432573
2135.103694528937
2191.8054779195163
2101.5142178496308
2144.9989694095216
2131.0533735808913
2148.1160333879066
2153.200351228972
2144.648637096468
2159.5270417305346
2211.3235858628536
2087.45990083538
2090.3732549705833
2102.6654636504545
2127.433819347634
2220.48591899114
2134.9951142109376
2156.7507215972564
2196.9965862148233
2130.335479012236
2222.2225184549375
2209.4239922819156
2157.2696804292727
2140.7243316511003
2127.2876878040192
2153.917789105544
2146.6800575199213
2172.303624292818
2107.359266775849
2129.087057825566
2061.2560818492016
2090.342833207093
2146.368072551137
2135.535753337264
2153.360839920882
2170.8062682868526
2123.1450639476493
2096.3139927826355
2143.603388356631
2100.0740735742374
2091.4274537274687
2183.0373806648886
2118.218332135746
2047.3505957009215
2195.1610968460795
2135.5224490139162
2123.1202679333096
2129.496435787977
2088.040552125458
2094.932188158715
2134.829116403866
2171.542278843625
2111.0353397993636
2127.75122864198
2199.4481280079904
2202.9763462921037
2186.8885440932618
2174.277318828796
2139.710299640158
2179.614906351416
2103.591482567453
2088.5687036572826
2111.19157757482
2092.0329593064566
2241.338138325559
2100.4371136209306
2187.0467431200746
2104.63626375233
2084.5894878284453
2112.335691963533
2109.9498506672157
2145.8017772521375
2121.489449194567
2116.3422876017985
2088.7497150601744
2240.1295999896406
2134.8048563750817
2079.6059442964597
2155.484453228892
2100.5624903952025
2149.264979950028
2107.8633039105575
2093.6680390397723
2134.161640290425
2101.3352380598994
2126.6487257292815
2226.896657039401
2084.953141540996
2139.337203041504
2145.57975410466
2149.8494520542154
2095.0490812304056
2099.611744177516
2103.358338977763
2142.2143693725598
2096.590826015072
2094.597030053646
2105.9665787969802
2113.9829009789996
2122.510396698404
2065.1208695521523
2233.7056883259534
2142.9027887354864
2091.7877714151905
2107.2570118370527
2102.4268422158384
2200.7449888464284
2147.4727015810995
2136.972839236258
2087.7629305095265
2144.5092336947446
2089.645844518249
2134.160946601886
2089.2312426522717
2132.7941153607744
2103.0720399273146
2101.140637056478
2212.2046237760433
2103.9757228157473
2109.9201814683706
2138.609380815739
2055.29997763425
2182.1222896668287
2127.773622132824
2110.962644321225
2077.8845359941506
2106.1702888669447
2113.9737610494426
2127.7497242723985
2130.4631408243113
2189.4103784987597
2185.011352570904
2162.9411898310004
2108.14880686911
2185.825353239879
2112.0179623742606
2124.9931836693313
2106.4743843408655
2106.432477118077
2120.526635825049
2100.077490388928
2071.8349142779366
2221.177258988071
2138.9509260323725
2154.5753113690294
2107.738195254352
2117.860107600411
2221.374890229655
2177.1437114517794
2083.667054908375
2164.488441735441
2080.3560434816104
2193.9080165725254
2107.219836128115
2128.440294655745
2155.329939930176
2067.1898932611384
2158.9527298738844
2115.537064117227
2161.7629084473874
2105.3847461644295
2091.822637428975
2150.6262576768377
2162.1745082587727
2087.222630156417
2223.4840588678685
2178.9628446714205
2157.791805512868
2134.2149537495716
2117.4935359385936
2129.6051361184186
2233.5557370113443
2071.9073697508834
2222.2489556500477
2141.4391833614945
2071.41362185279
2108.708224936706
2113.9376223765507
2095.132217179669
2163.205914158987
2097.819434376536
2065.37541385842
2129.7915997751816
2093.4871776661053
2170.379697200787
2094.211171265168
