294.2643890643914
297.79140581928766
296.58919955346454
295.82201405305784
294.76048199736744
293.1934066926916
293.6146633671741
295.8761298824806
296.57678875342873
296.0464056980183
295.1186995138581
299.1399726214607
292.4760936965851
296.1120791743225
292.2377737205074
293.15991688558603
297.39884167979585
293.7923473161871
293.72167947197573
294.1895160059172
296.23779188712666
295.58724886507514
294.4359967364148
294.9793245112912
294.2488661385731
295.60608665121566
294.93703397851465
293.1290808811269
297.1134259351233
293.75119878411283
293.269522265656
295.89994599391093
294.6684926639117
295.0285339868517
295.0945975424621
294.19895874151143
296.2656259864382
294.2630827773684
295.86190765893923
293.9478270298933
294.6278230426275
295.38450018840933
295.36731534666666
294.83219807039586
293.5884273203139
295.2086995832569
296.03965250053545
293.8836161914471
293.2066527262293
294.16866833663926
294.2838267172347
294.9964314880461
294.02339486666597
296.09622276675054
294.59453372268894
294.7413691627276
293.3817403233923
294.45406479542004
295.0354823580684
295.5214506604917
294.49189748657636
293.55183413592385
296.5619673163623
294.6176329283939
293.820374912404
294.4558628932893
293.92730072262765
295.5160232735692
295.7321032308925
293.96627776292047
294.2809956401006
295.1376128346895
294.6869874503962
294.678207324684
295.03149646992904
296.3335011550865
294.30779361122586
293.2834368174417
293.8602506137991
295.0592571822873
292.85977901397234
296.7718628617178
294.22306593701353
293.5793344869824
295.3587962771238
298.34508613908537
296.04840355892173
296.58407072183905
294.88337737838657
295.76943950456484
293.42792577256256
295.8034900908581
292.7211691898414
294.50683878922297
293.5714374657282
297.15660791780357
297.75463018672934
297.1073197913413
298.0524347489612
292.8754956226396
294.0638741747459
295.81124276950555
294.0135094206271
294.8999120615007
294.26956147326325
293.445862088623
295.4064106066289
294.58105736459424
295.4706239644146
294.18295761255433
296.3464823238803
295.7626725774107
294.8666454484251
294.69569879301366
295.86288693789436
293.97945643996917
293.41131611207214
293.93176453703273
292.7411575680862
293.2430223800646
294.0682081928006
296.20984456167264
295.29603377562637
294.9127965242405
294.60578746240475
294.28255747299846
293.6726637471826
293.2599469734023
293.52420922046235
296.15656016329456
294.58387143756767
294.9166909399455
292.7918542819134
293.6287551744815
293.83387595585515
293.0871055220733
294.09710195013497
294.2231017697889
294.0887460710747
295.65929410095794
295.6999281418408
294.59188770414727
294.92549487945917
295.86754854376596
294.32060941540743
295.9761003201182
293.9664428431423
296.04291924571754
294.1710430261601
292.90508534243736
296.3501805790586
296.56510841575675
297.028725198928
293.2342400637978
294.5343800615137
293.28956972706897
296.3762988163884
295.20317270367065
293.96300187914903
294.8861493403856
296.05802381188
295.9151407310041
294.23533609143215
293.51555645159186
297.1543844210196
294.4514734671845
293.5929311178159
298.9224593891447
293.7587799911542
294.4341652644557
292.7748510249764
294.202539878619
294.76152694254796
296.73121558914806
294.66242731197144
297.01483919415676
295.7135060381048
296.21391822492797
292.75403742921185
295.5143946285268
295.0920091904418
295.7773175432802
296.4518406711336
294.6909604056844
296.18519708253916
294.5981758093294
295.64597836128763
294.7077267850775
296.1159877282788
294.7174772504889
293.9315828750658
295.42438924630005
293.9234836592587
295.7057231725712
297.2511955200891
293.26804582278226
294.21891870540003
296.5143406159245
292.92242381663175
293.92081135265107
294.3659334156293
293.4621413507469
294.54296404286464
294.9111595152811
294.10924312897123
292.67329542540716
297.97916514671243
296.82131418531856
293.19323041822713
293.97756588857186
295.8899017085248
293.84141513755026
295.79984335411723
295.78569524485977
296.0746103797159
293.1876330446826
293.241552216273
294.8303782394581
293.6418833099075
295.07455735516106
294.59635357717303
294.4110153191278
294.39938475478573
295.86003111119
293.2839658780315
294.4954397000957
296.8077112990434
294.3428124007112
296.49630854365665
293.16855853341235
294.0653146986697
294.73868371705794
293.4291023792144
296.2517261767182
294.56241861931926
295.4747452296512
294.8373600600427
294.3857997266213
294.3501172934773
292.9081088618461
296.6522519623731
294.76182487777817
295.0973196244726
294.788065640729
293.5288451367577
292.9344322362251
298.1994654050207
297.01670421063784
294.1714322364943
293.7695758058318
297.0691823540701
295.8183191457879
296.8395383444072
296.63916218850204
296.54654734327016
294.0538367652918
294.4854724884094
293.6835377790112
298.11344421727307
296.2837854601704
294.4877120705456
296.3298097219305
296.6045861816582
294.2173821434946
293.3934750511664
294.2255093976111
296.099458683093
294.64417935424035
293.118130161782
295.8981055401266
296.1135249927613
292.7502806167449
296.87278849397774
293.2873424047443
296.16835866056726
295.8012554464409
296.2427696171051
294.92069539236434
295.05250508434307
297.05664295964806
292.97376020184527
293.5133734225515
292.9389189635011
293.919398545409
294.6277788853873
294.22080549306446
296.44912925177846
296.21355981552216
293.03815973097716
296.1142571146564
294.85143852994605
293.1333816171854
296.40604940347816
294.3659284620742
294.38079101146076
295.1123427292461
299.47394082044246
296.2758475180724
292.89312661018647
295.7009435619972
296.74065427730125
296.1518250353523
293.95508802489576
293.3755241487416
295.9153330417613
295.7463862432434
297.0252121526609
293.604399257167
294.10586903286224
294.26907561405153
294.66567485274953
296.0449821853225
294.0565228993232
295.4528786458552
294.2095924197502
296.67493824478316
293.1360496400131
297.71613986522
295.3688292406325
294.81522743880595
296.77082795232394
299.12264157171506
294.9414961446386
296.5290210528354
295.7969896973187
294.7455992511744
294.4975388044075
296.2420676909838
293.34072481921737
297.9909991759465
294.2450513257783
293.9161284620205
293.02114318669214
296.57098552241735
293.9292921024631
294.4837215736321
298.41595015476815
296.61235041914443
294.6999092717096
296.64500046476223
295.87093387115
296.5766327351975
294.31291992486234
294.17041231736806
295.55719415428797
294.199904685736
295.76548354707444
293.61574307142973
293.67479056634386
294.2795768974897
296.48343364975204
294.53618289835924
295.8326002658019
294.7386610758679
294.5834258124395
296.3623645677675
298.2789974600522
297.0266945870104
293.49313627711354
295.9922974988811
294.55879640991134
296.1454851921659
296.7259896080966
295.7411523536199
294.1826054589621
293.7598211761142
292.98421826066686
295.83404995122453
294.5034512823536
295.75022406728624
295.8337934038473
294.1644452293069
296.0011912575095
294.94386099181446
295.023290941654
294.305994877136
294.36597067977476
294.2660048027913
295.17441707917493
295.85338463130034
299.4869526312124
292.84127616465844
295.04512686694176
295.37190996082967
294.2406145385943
295.26717615707355
297.02974349048213
295.87258606943726
292.959082294096
292.74348799001075
293.8652341685943
294.26285419797654
297.0176751754125
293.8799587930732
295.66948527441366
292.81650473322685
294.9803565060659
293.3648622316198
294.7945421632951
294.1175679522876
296.54075272004184
296.097658023934
294.6502032622361
295.1514889208607
295.8430344547595
293.73487228059275
296.0841818093474
294.2164155068506
296.10876245692845
294.59127149579444
294.252637150531
296.32993434955694
298.0897740092013
293.74792918802694
294.480973579979
297.2519627098108
293.9138957685018
293.6318877948909
295.9754261866697
296.41084486655274
294.6653957077168
293.04584825935325
296.8012535173683
295.46549648699295
295.95610981275485
295.70304647555514
293.96358856945125
294.8531720742863
294.84266980259986
296.6238733222597
293.22597049926696
294.89317838330413
298.4118518930849
293.27205479117146
297.5641884425339
292.92097004968014
292.95188196250956
296.9310569078135
296.43496065869175
294.946102965452
295.95162163192646
294.11256785787583
297.993500875942
296.24458302022595
295.7365318216438
294.39624079031734
293.17081146473845
296.675040665074
295.815332213911
293.9470443237058
295.5350670695782
294.9239193091051
294.1648825681265
293.91115842903474
294.22354312067813
296.169408542125
297.8384628357504
295.1055408290975
295.1420457609645
296.13071673280234
294.9739324329658
298.06141884435846
296.0275653108174
294.31953764771004
295.1783257842762
295.26160222531576
292.9891452308232
296.49194047384424
294.7702727470185
295.2792654368156
293.82432441535076
294.40829815292796
295.9287729169481
293.84935704903256
296.7038283851188
294.5697411316437
294.1750174967018
293.9195106729277
294.3114426719213
294.1367911562896
297.00271206188523
293.2046649442355
296.55152336881036
294.94571603146863
296.3015504745288
293.9685100216959
296.29256699254154
295.49526512960205
296.5084083916062
297.37772294970705
293.42718854285096
294.10075511597677
296.4361222991535
294.57453020296003
292.95757794695527
295.2989892267597
293.9336793316727
294.60815762709336
297.89573205544065
297.3156994809432
294.1149295985503
296.16294512923145
297.49832794839864
295.8576212464584
294.4029480566441
296.7216974375513
296.1581876594585
296.3244182278733
293.4938339657557
293.36130777872006
294.7382226035901
294.26176714445296
293.4792282191183
293.39996832857565
294.459606188356
296.0559848982395
295.06256719628186
294.2684018835569
296.4890470677528
296.2990156148316
295.65859560170156
294.57191409615075
294.7452137570159
296.89845411438404
298.0624694797371
296.11397065254175
293.1138334554999
296.5679464824545
292.99984253559944
294.8141118434395
292.7679425051764
295.6534019224826
296.5677028990462
294.1690340283989
294.8061720935335
295.58528697642987
295.2620696040794
293.94889745993044
296.63598304163645
296.09687264354255
296.7589698841878
294.3930809503998
295.5164000796763
292.6598666845617
294.156243251928
294.47422890197555
296.5875164254011
297.7343801090957
294.16858221097965
295.1440022791581
294.35860799006826
295.85641286852314
293.3429654214078
300.266281189004
293.9857995220027
292.69165413387793
294.5169084225005
294.409180998296
294.5494898881625
295.82328926593465
295.50633695340724
295.2222396271516
294.7348035480228
294.61679498175045
294.45879017604216
296.49692036117204
295.7642338004155
295.11817617497974
294.3829021962124
296.07337505242276
294.21531602701975
294.7478818824634
295.28720057116794
295.7108848079393
294.48977346707636
296.1030747147729
294.2109004356599
294.40897933350016
292.4978535716906
296.75892586522895
295.11352784265137
293.42944662894007
294.9141000162681
295.5668404593144
294.610207315809
296.2916140391464
294.28779368636134
295.9676339696642
296.28066987684434
297.14769804520273
293.94993972446724
294.8109194825818
293.1483438194858
293.9133594253095
297.0478079081093
294.6858881095208
293.36131322128307
294.79331452110847
294.21379692412
293.85957573310924
294.9287245768751
295.3083804954845
294.77702938783
294.1821698562382
294.1339599340879
295.6984011991879
298.2572056535528
294.67521397441305
296.27577321898855
297.6147152595182
296.3264894612628
294.79379869202575
293.51865681334095
294.0191289242258
294.49244809642283
297.52872576676987
293.20683714386286
292.89457079199747
293.5370750165373
293.2154755668194
294.42267460483714
298.428297207209
292.7961437881243
295.8482028934195
296.22097374744783
294.2353608043794
298.62838928696596
296.0942741723872
293.99778509804827
296.2408205353468
294.12807743044704
293.33054111661886
293.63011447024536
297.52579173100105
294.72559707553626
294.1900572795287
294.43766038879915
296.70775214960827
296.0700057661148
293.8721680148443
298.65919924198187
293.9735311792929
294.7967146333245
292.76759691276294
297.85763857314106
295.81617001333376
293.45171935575297
294.52098710986644
294.27108728500764
298.2150672176708
295.01589911813255
293.3525718622147
294.30343803567723
294.534016257934
295.3354610304057
294.67932670251366
295.15190361764616
296.4018219538403
295.95718665418076
295.478632663578
294.2034178641225
294.13020505022973
292.97961496780545
295.02553671034036
294.888303283915
293.31636388820425
293.0053384133967
296.1095288045531
292.9760543364791
294.06685198926647
296.2751189903747
294.2446376525662
296.1820900922897
295.5972076554335
295.3231967455711
294.6998658560874
294.97091382085966
294.11862589695767
296.601797210761
292.7296197699967
292.88777248958445
295.97273097348653
294.9702610064295
296.343301308795
293.7541411860748
296.6492772156134
294.17346981192026
292.8139888583579
294.2776962079812
292.9991097772742
294.6821705639066
294.05138216339105
300.33020405797583
295.99217944208505
293.9507059161637
293.36829404806997
296.8021054575418
294.30847372950717
295.7914716597061
294.5176911416048
293.92173481603595
295.4161246410271
296.39213153899135
294.05774144005994
295.991308716782
296.0529243684183
294.57961304851534
295.9978376889447
297.16292171285414
297.46502466806777
295.76247449557803
293.9198972443943
295.0168137966254
294.0999530126099
295.68759656447395
294.181419967541
296.61683060972996
296.2665290660477
294.4870356293465
296.7773905687321
295.5051489031923
295.114397984562
294.43479422472325
295.9643599249662
296.5654546409468
295.23397055068267
294.45902992625446
294.8871580710312
292.7689375829212
294.1969740421697
294.6165027888366
294.10475436493005
292.73132988305633
295.3358892754263
294.9623599819277
294.32086728136244
295.2017569680848
294.0209223731862
296.223984987702
294.96036500600525
295.1794477153268
295.7835373294082
295.15094541574706
292.87070662892836
295.9288665571485
295.0435284755417
293.76989761753737
294.3467553409364
295.82850135279074
295.69273035015186
294.0181409563076
296.2583999390735
294.01618443967084
293.13098605835006
297.71617839734824
296.58987905084126
294.07564394010234
294.22522985760406
293.5337652597262
294.7098790769859
295.8390329817514
293.37054288901
296.0492872640866
293.9706934350874
292.89432920563155
295.3895149454729
295.63992489570694
292.4882339662365
294.49341241083187
297.18341699546454
296.16323569483336
294.2330988764358
292.9646251049377
296.76936352452725
295.133206350191
294.2623489487394
296.6790454497065
295.256867313141
294.33396795798336
294.20426756865925
296.13413935112067
294.5603320873647
294.73718724679236
295.74711355540774
296.6236519749985
298.24759673971397
292.83666404594595
297.6243290019413
295.93844133518274
294.19393394340227
294.4533712571311
294.2508088494164
294.35512609576017
295.40735935556296
294.26368834833414
293.65970110941544
295.93254645839016
296.08441694856657
294.57495194041525
295.9955148218216
294.3756501523635
295.1363580661778
294.3506137814414
295.06881737784613
295.51846781410205
293.03649582222744
294.94706443623073
293.6638908331805
294.4048428433919
297.25225098839985
295.4348514358518
294.2748422190572
295.8262030580231
295.25330749112635
294.74988656459374
294.5975695091173
294.86628081273665
292.92678908432305
294.27900874883994
296.3683152980309
294.19994285833275
294.0157885007501
296.8379481175225
295.8167780444254
294.3889510255085
296.0643586056489
295.0062050501627
299.4418823291121
294.6642437831804
293.9456977933697
294.8592056860302
294.55008548380687
294.1495287107251
298.6781031329689
294.4193118167944
293.74492598776584
293.15083007373624
295.6997830391451
295.0291490506992
294.5975518087359
297.5400081985542
294.0798975551635
295.5596617707065
294.4728273512028
294.60240752964825
294.3250415392474
296.87920715069555
297.65583661461625
294.9610656705804
294.56978435155304
296.4054740062744
294.03943743242957
297.2348002342595
295.7016308723422
296.120562955553
296.6139058676589
292.7780487473628
294.097671042475
294.7344105757931
293.19632735333903
295.8334904548218
295.24442510628046
294.66636974083184
292.52294647087587
293.38025951079067
292.69159271643326
295.6557695263221
294.35874746790813
294.9043269393183
296.2711381868582
296.1910426535672
293.4519433933874
294.7546077449419
294.22486007104317
296.24062105634977
293.9644655988429
295.2561826575596
292.6703919073279
295.9559569478955
295.2133207527546
293.9828054902691
294.1308883032983
296.58423391127525
296.2905845344656
294.8594052045118
295.8952988445626
295.1066903752471
294.65750115577754
295.0706861147854
293.90780219648
295.77661540122807
295.906393992924
293.9259628921047
293.86873214613735
295.04048295652757
292.6504257742002
295.89348466912617
298.4663978426097
295.4328864768544
294.2846946409047
293.6812686513458
297.5375223731435
295.3837596825499
293.69992719471753
294.4232519344208
296.4008481799665
296.66686036678146
294.12679854402796
296.20657188959
292.8761030980276
294.38553392505077
294.31314462441424
297.4290710852286
294.36351649548493
293.6534595611202
292.9993460935211
293.26347339990843
295.02027337140305
295.9227961378355
292.72076656472484
293.0316812606684
292.9623287407763
295.6242180073734
294.5277136161064
293.443846874717
292.9159059666047
294.67967006891155
293.1425365362901
295.9126276780114
293.1205622863511
292.87858208798156
294.14107539701916
294.05311277727685
293.9713613463353
293.1375205560095
298.35636022488507
296.47408101068123
293.9951221415623
295.0347456864579
294.73637036492386
295.6741447374789
293.5621680306621
292.66450390064915
292.4962771599206
293.2742962192955
296.12034777857514
296.4040992174034
294.6017794958185
297.1258601708813
295.9775591176841
294.7519193494022
294.9723763209727
293.7295762376813
297.633249598068
297.0986828074613
294.1436206960049
293.68734866786855
294.86542331414114
295.4330119042738
296.0312434522318
294.2260497126276
295.936944207975
295.8047950797194
294.86880134276237
293.9321204789179
296.08549235756504
294.11080914403897
295.25048476015985
296.72305275793656
294.43529046146097
293.4803861273381
293.16175359269215
294.3062800515009
294.1972500505957
296.8320606670221
294.1910245172966
294.41406514287735
295.7060743826629
293.2940853728202
292.7750352532982
293.5005808413972
295.56756483619466
295.67227387216906
294.7412903319019
293.95456227689016
296.0528717849106
294.04454319027343
294.39438809098897
296.01366757468406
295.99520290888984
294.99306685469446
294.6955819620461
296.6168515372694
293.8142594382071
296.8689443573455
295.6530097724668
294.63024208740575
295.9055897903601
294.7694527150138
295.0319556062816
294.1659829530944
296.2048807128673
