322.3158336875423
323.7688922806357
325.95042286922194
323.2573668632295
321.472953117949
322.4866973732498
322.26176359217976
321.3363340252162
321.4196199975724
322.1172321035706
321.66756415928586
324.253719595443
321.5635841335102
326.3662222632739
321.3950468890738
322.6706912712061
321.95212950842654
321.89213586949467
323.10184188177175
320.99902108107057
322.9927594791428
326.14204071484704
323.09392714543674
321.2230883022949
323.5425727727647
323.9779138962475
322.2106480357273
324.01311783531446
320.9853213283577
323.04562978101706
323.971918514238
323.6197007889185
324.18546976731574
325.0517249699266
322.86329510093617
322.06320229232387
325.6870913494645
323.08728605141096
323.32427489422366
323.5435490252236
322.7745086476215
324.22930267447987
322.55732390680953
323.30722361466655
321.98301110363155
324.1725495142652
321.6871420958388
323.09679546397905
326.7529589505528
322.486217264413
321.91518798623065
322.7124970558556
323.0467782253808
323.6803596224924
323.43544453812217
321.66788425169983
320.4379252069989
323.8230798213652
325.0232782380328
321.901286777179
322.7050865193
322.48573857214205
321.5984684520074
321.97059295004993
325.1118061579828
320.6290575196425
322.14333011726865
320.3396417887428
322.3300963873925
321.6438459834581
322.22578401013243
322.0681888138265
324.42798993664644
323.76889454772896
324.92765962833664
321.5044308187177
324.1996371292139
323.519289284188
323.6146979652743
322.73245256377464
324.362397725259
321.9567785915403
324.9882547897111
324.1240136038605
323.71952675601966
323.07645189015807
323.01004114388724
321.8448354474357
323.8063793884286
322.8068784819155
325.7563063966478
323.14741766255923
321.84520016697957
322.2566303621544
323.3182845408489
321.67128814428065
322.7658998518383
327.62080241114415
321.26483447494417
323.71850124520097
321.4715540728497
325.2104074199804
326.07356603699867
321.7618561081073
323.38985278039286
322.1617936347237
325.2453202437429
322.95272687614045
324.9111014957611
326.7759770691543
321.53569244888376
321.5578852682408
324.4392556014952
324.5335765656333
322.29122331156947
322.82829650575326
323.16159116226385
321.8617672770407
322.86935844395094
321.51989281713344
321.9629967816789
323.55608824887594
322.5977887739084
323.67104665445356
320.8910128966726
324.93275158254687
325.9429723566808
323.2257145827008
326.03367602846754
325.2131392413695
323.7811556969421
321.5542311772515
323.20126119341427
324.7164208738348
321.7693806904508
323.4930058467051
323.79264311446167
321.78703471647515
321.8306574395651
322.24932645126444
323.27932871149284
323.431878654888
323.19119697274436
328.3426419216695
324.4122931856816
323.4511322033289
321.5167687725258
325.72838130879694
325.6933766911229
322.99010723521076
323.2852608693518
320.65140586229995
322.1535187080082
323.4045385586213
320.1697878966681
321.0600266576615
324.6003665474267
326.0275807444541
325.01385543815724
321.50369564215697
323.72146359279844
325.22303013890934
321.9024769570433
323.2692413787912
328.2382844715662
322.83805684544114
322.8839459632694
322.98962920884935
322.30923889455676
321.3264231189184
324.8997985545323
323.00443764713555
324.2559126893704
321.9441062534849
322.85757885553994
321.46699792212956
324.7443053311232
323.69146789005106
322.2065655039921
323.5568367838631
324.5513917000119
323.76528475206715
323.5538699780956
324.00678591765706
324.36523830753055
321.2122871523177
323.8855818754096
322.1096896532399
321.85792737379177
323.7581764527072
325.3940951823576
321.8072469897017
323.10093307657945
323.9498119592448
322.38467465478755
323.6969713644968
322.23486380108807
325.1443050475328
322.3424945995112
327.0272297569837
323.74414462365286
323.3186777099236
323.2452484276626
324.1922521872584
322.29119144771806
325.33868170692034
323.8171081835488
323.0659330388917
321.6980752040791
324.0313995637311
323.2698991336327
320.6872533504105
324.8032795709987
323.2078786301812
323.865633802308
322.0545444765718
323.08733549537294
321.7328004679382
324.0170554256707
322.8502403748166
323.20039155809667
321.7061377361297
322.03593215869347
321.5800535364236
321.7165586711376
322.80481369805324
326.20296729899184
322.74871242844125
320.4692831784768
320.77787985379547
326.5781586979303
322.7828043225543
327.8166793943687
323.41749341293576
322.3939935422736
322.33627378247394
321.693922330413
322.3176946177838
323.1293879606149
325.0332378552594
325.9531159756515
323.671539871535
323.4260200417223
322.23734488001315
324.54192063479803
325.4605270233342
322.97573906373
325.35044652309057
321.67427155186886
323.35509121682105
323.38335068919537
324.13069055007975
325.4548091022576
323.9171969374185
323.2540429261176
320.82725315742994
321.5855618845642
323.17220465921093
322.00713120901287
324.62631098331207
320.98741258923036
322.7441836550419
325.1374046436559
321.7777287230295
325.45743567704056
323.14375669593056
322.9792977108044
323.67978779658256
323.8904168623048
324.2040532663608
324.91624275662105
323.0082371290485
324.00765316942494
325.83023192790563
320.70275858494546
322.8768756159948
322.1682022855513
324.07149247692865
322.93657051971394
322.02170589602196
323.42147437248525
325.1180454241991
321.3826713202444
321.9627463907496
321.2787859392978
324.7013166213831
325.25706156333194
322.8886022221908
321.2884761480335
321.3408057465664
323.1873921083957
325.35533508224484
322.6684835454588
325.2260320382305
323.02074767339883
323.5756551608154
324.05929827226606
323.65489369417946
324.24890578265524
323.84224871111576
324.6029926659914
323.668427600974
323.37377297137056
322.75556392139936
324.97372767931256
322.0507343695137
323.58126454524825
324.0688674106661
322.12449579662456
321.21229536515784
321.4383159546595
322.26154464560335
323.6646054374524
322.51579195013926
322.7068789326925
321.5596914820279
324.4776275522846
328.19079682310235
325.45670219257727
324.19915535808803
323.29019228246995
323.39146613625354
322.74244804145667
321.29550653242615
321.7130099608071
321.5769907308703
324.672998665967
323.4647316696612
323.99209805598525
322.865522308289
321.64889087852225
321.1571895629488
321.0003011602048
321.61305320339164
322.12913016306817
327.0654667327081
321.68622610585817
321.80614078392387
322.7089314067437
323.73037474423626
322.8440128901141
321.9325821968017
325.3251803850752
321.6920075843808
324.93642572666505
323.52499275302006
322.05129735519506
321.8283876637142
323.6236855584211
321.8047141886661
321.8548228612853
329.5467478300774
322.72294280875104
325.64536191980994
322.9636032731654
323.70208052307976
325.4409680854777
322.862640597544
320.3616566073409
321.5026713473135
322.1061953217145
322.0736406940189
321.9901313694245
321.2680858037966
322.27149943840953
321.37675037481074
327.71163550707246
321.9299555606435
322.66214778763526
323.3369693749483
323.81629982808664
322.1527160993445
324.5600355656352
324.5464992480886
323.02814030384775
322.01262922952253
322.19638674881276
323.09488919142933
323.9859124913324
323.7596220936583
324.8365374659189
322.0327995016714
323.5116525666342
323.18161834511193
323.373062455473
324.1143237457692
323.14472223427197
323.25269986103154
323.1800702294488
321.30706610180584
322.276785466012
321.2965919161127
326.23392095776205
322.74680222059914
323.59872852752795
321.800670086151
323.39361040184116
320.6578791739956
321.8330563071232
323.7639564028546
324.7167078064945
323.59356830483915
321.6749508800826
323.16564767846336
323.56096934913825
323.5354165599206
323.1545499101375
326.0344546158794
322.7213872838639
325.2586721017395
325.0637573571532
321.6422244074007
323.84503313600004
323.4418954827433
322.3802045144448
321.78108168603427
321.2845670561905
325.53348289717866
325.72420589057094
321.3301595955183
322.70839155618955
326.87585263686105
323.9793685153433
323.1406282481023
323.0524024579722
322.8711472023114
323.999781873214
321.9417885964245
324.23547187784254
324.269522792288
321.2709052130379
322.83273700596345
323.2913030350595
321.3153162570616
322.0566393312457
325.76438018388467
322.0587080317588
321.8387636793328
322.0579168029107
323.85459239953775
323.10413813853296
322.38013952142705
323.11057820604543
324.65478237137376
320.4714493920775
323.2182611798154
325.41934301687576
323.8008068552716
323.1367010984509
322.7702288091402
324.1693548739667
322.1869961582044
322.62982883090393
321.5554681573201
321.16483039585836
321.5304878894463
323.28450556183935
321.8634776869712
322.5890126275863
324.23032540527055
321.9409421502468
322.964907144732
321.8586099412453
322.83958431691207
322.004220841099
324.1049711309479
323.8329228146299
321.699788965278
323.9974198236552
323.3947366688833
321.16094395916764
322.8756445610245
321.45564285722685
322.96153511677124
322.1260768905677
321.99179323178964
324.3799974803084
322.15538484499166
327.69753979300816
324.2265514307977
324.34593013242875
324.86652618541575
322.1929040811469
323.72769909507315
325.11162191220575
322.4132499984642
323.6766282016595
325.2632327651917
323.6536653810809
323.5289570707079
322.1255145963355
324.54495680482574
324.2129129554923
324.64547371258993
322.8131653495268
326.38814804453074
325.1728618170557
321.869073149425
321.9622602737265
325.6007816042687
325.4792311625536
322.3937266764588
323.57151537817157
322.78534404867975
323.77176811996634
324.23725481607033
321.67316704270684
325.71770892318045
322.7345138850336
323.6799320794492
323.50225389465163
323.0061282306812
323.0144528733463
325.49863026073615
323.0563500211071
323.6826887762252
325.5824362079229
324.2820582757374
323.13504840841915
322.9061820003082
323.8857652689215
321.6823896867782
323.3851750129456
323.34813024511055
323.843544054597
326.34244421902633
322.9225706269901
325.30669670324386
323.466817722905
322.90422423589996
322.3943654115208
321.8158845200833
325.6652872665618
320.4402741343383
323.33433563042416
321.90326048216144
322.97102205123423
325.68789074645883
322.81345144503126
320.228018147287
324.47551220881047
323.5689688111893
324.68281318435845
321.855297997975
321.7243066400056
323.23375478398555
321.4634890712317
325.59232596967973
324.1007571214019
322.1602456074186
322.10354717431284
323.52716770974314
323.25440759405274
323.5659276380209
322.7939593437038
324.2247554808762
321.97864471366046
324.20868872890753
324.7526407355607
323.2394888012003
323.7885391802218
323.4415579514578
321.87899105005755
323.73243717600707
323.6155729765456
323.16152475693855
322.454899115157
321.81895916433274
324.7410100188222
321.4768403887749
323.61023402251095
323.83040929123155
322.8040701298718
320.9307160891589
320.23627120111144
321.9307960898997
322.3552544728275
323.3702758013228
324.7636276811183
325.81224785590314
323.37836135474953
322.804620785554
323.2329264896512
324.18936637290125
323.9362056666253
325.4852175539242
323.0962346915471
323.6240645923231
324.75381341334946
321.7686662258761
322.4049564882168
323.6535649421731
325.8674953892523
322.5392565740139
322.370783134148
323.0901902666532
326.04573968319374
321.69799141528136
322.13293314216935
320.2753415610602
324.3044093856694
326.11763550279136
326.0860597290683
323.76994450145656
325.4027921814634
322.4705357330335
323.50827766495104
322.22804907410676
323.63686489913516
321.75235967842167
323.337881355657
324.5855557787511
322.73257431772043
323.9335000397544
324.73219607931776
325.53470938005717
321.5034408378602
322.6749069796896
323.82412585400857
322.14209568224953
323.586676334837
322.2938411519342
325.137220717755
322.44191818018004
322.37346606758797
323.4626862333694
322.7680465293387
324.5933518874472
320.87587507760884
325.5945650492234
321.5838031583669
321.60126399399326
324.22146822754763
321.4308039166452
323.9206684870128
321.1159170148889
323.2535922732023
323.23027227673936
322.9809954420517
323.5212881203407
324.3043099715719
325.692729326904
325.30203985260107
321.9176874545595
323.80649110692116
323.7260591913235
322.1145134801087
324.79490742884605
324.9738971475621
325.2125023013491
325.3201412996739
322.12262206234834
324.18811592927767
322.33330604980415
322.55668444328614
323.80502772516803
323.14087686958214
324.14527323876695
321.4129402866255
324.46388878646326
322.2247487565552
323.058027442936
324.0603825306606
326.6229272962044
322.55494878770753
322.23069324760564
321.4677930179802
323.0155166653591
322.83208657357545
324.9964072965618
321.61498950131187
323.485359878792
325.8243442699992
322.5900162471884
321.3821883187194
323.9895392845446
324.1726062249362
324.0198302469496
325.65657625944795
323.2449398667873
322.0420254773604
322.2585902814364
320.7964922672056
323.17542420624096
325.9508263088442
323.258465459056
322.26257023891674
322.0947953671052
323.07249903773373
325.02695801942195
323.91361733893007
320.4973046971559
324.1883182024366
322.95942714841925
326.7763851495242
323.1092985090375
324.2674172764346
324.6355940333845
324.6306954566258
322.2303537352848
321.5544818533208
325.9220409850362
324.6953060585162
323.8363771507037
324.2442180963698
325.0737042735046
324.85947177347634
322.34303582654076
323.54622973571446
325.98093376606266
322.5677280062814
322.98494541297174
323.27625218882406
321.7024025667711
321.7526464903705
324.7372677604965
321.71062373034874
326.1076851712337
323.5441435264355
321.93859699592423
321.99974158966614
322.4830521843557
324.93985195073384
323.5906755392114
325.65092268141694
323.5284244862963
324.82292098179266
323.7792001652682
320.7006998054638
322.9973225713773
321.8682850854499
324.1810032180745
324.38851320325915
323.2006565149404
322.2471737352721
324.83583327975236
323.61023331613904
323.640848412838
321.17113463465836
324.96017108933677
323.159266870827
324.4685043721756
322.8712191811314
325.4249627527706
321.7518233170182
324.3197476648194
323.37818417866504
321.72256314404945
322.5498004533078
323.04965902462345
321.4760199741822
322.12521079024657
321.41179816493656
325.69741733891675
321.6926452205816
322.17371401443484
322.13890317240606
323.69986606238507
323.95454977302745
324.1733707223753
323.4221597256279
323.0574605484793
325.7251069175579
322.39865024141193
322.16132032058243
321.78387603861466
322.0031189428901
323.50977158182513
324.3998631960643
322.6300331838428
325.59653599678234
322.033955681995
322.44983700774713
321.99428878756527
324.01944599361053
322.04309443892294
323.45801976850663
323.71351147755996
321.7912161830471
321.59435796032267
325.55680713473566
321.92980132977686
323.4107387879796
321.24268649879707
323.94439709027506
322.31757651056114
325.4261251877173
324.65347354169785
322.0236911629589
323.78466762375456
323.1167489606752
323.0742403895774
322.2352807855269
326.1930022220389
322.64076293858307
324.31521960505523
322.09697291346595
325.178161998937
321.5251847495861
323.495991369985
322.73974732143165
323.69175132948516
324.193453939624
323.1836334275962
323.5649687758238
321.717671802658
325.78475153992366
323.1531363676825
323.86695164236227
322.6229060007706
322.2280554552184
323.31352350658597
322.4533272621577
322.25945310686836
323.3441227621114
322.2001879491958
322.7871151557119
323.15246800362183
321.6525579718431
325.861714584107
326.1716378455897
322.2332939691108
322.27334329018015
324.47500296435766
322.14210844508773
324.57944474390786
325.35859296874133
323.7108720588083
323.079839682115
324.9813784539519
321.43782078265684
324.4495276394213
322.9410950852251
323.770506610471
321.78500191967805
323.42487545832756
323.68688183291925
321.6204406447828
321.0191673301053
322.53954096990947
323.2612664411167
323.791644340577
330.1467770916862
324.03538090918295
323.6638856331812
323.82042513860796
324.1033630448465
322.9558555444079
329.49350792758173
323.00971638026766
322.9071361423764
325.5801662641031
322.06808862480466
321.6286573212065
322.1540969264079
323.62952247514204
321.86723176427256
325.23001631192864
322.9908082444885
321.5207129739005
324.20855095259185
321.88361400014804
323.23626754206515
326.32637784697437
321.55348036144346
323.7118459655598
323.4847266998362
320.7348182963576
324.61046970470477
323.11062744708903
321.8727355513903
322.90454251572385
327.24924514406814
322.5564585642594
321.6871188857284
323.73174366022585
322.8905859095572
323.0460105438181
323.3919105503784
322.4912045172983
321.4973603279598
321.74550826048113
324.1680973588026
323.9713865677829
323.01778476196483
323.21697675635204
323.4742976899014
323.7528781505141
321.7166020249663
321.32534875726685
323.66607496449046
322.57358251202913
323.3892450423712
323.7779234292101
323.57910925835506
325.1086577298508
323.0445847864836
320.9417587534231
323.5686654868539
326.21878851165224
321.574228117972
324.5708222311406
324.0016094540566
324.25112457302714
322.6621552381524
322.1907603156135
321.3213296670241
321.71934844677855
321.7438792061053
325.6104759645218
321.4500277648424
323.705149749308
323.79191075205205
325.5774366396191
323.0388412895311
325.30760239695377
322.5528781113943
322.02849580953466
321.16479824145006
324.84879379043554
323.45727093027693
323.09438141297346
323.56650941696824
321.27701809446063
323.5455765840441
324.00889745835207
323.68121481467193
324.96904738261253
320.34570799396806
322.0557020403677
321.35884535636575
325.2921578970449
321.27813622919064
326.97198723669845
323.83713698552555
320.89447773510994
323.444771437995
324.8889719040026
326.3261968192229
324.76588292153417
324.52852014707054
325.4864900660365
321.7951560193537
323.75932236891373
322.88756541083274
323.58684290106237
323.3531744882442
322.4201966730295
323.1321167471262
324.4801229911611
323.0128270727993
323.887155503992
323.8664883688299
321.65930516165565
324.6594368358562
322.5710340492384
322.44653381301947
321.9904205056218
323.7824990589269
325.20279488127375
325.54540212750794
323.51529299716236
320.366944182313
323.89765681875076
322.92926037800993
323.96496391826406
321.6839999601214
323.28228056764726
324.19877660974635
323.31914384305526
323.46781017463655
324.5057774485217
321.921453083034
321.52139652801156
323.48593038697175
325.8641173229835
325.64003413309223
325.10716006870604
321.2163863201894
321.5489194584456
325.9144539182377
323.5148141001966
321.54113188978243
321.7525720030287
322.97888318963584
323.11912642145614
325.039422876133
324.00390138752664
321.4761705031462
323.00031504276507
322.9706565556262
322.33171863136266
321.5747122387638
323.3111386779647
322.0762819664458
324.89522283134625
322.6463131134728
321.9512291024725
322.87219268134817
322.388589771128
323.1186639865278
324.2179268892355
