511.41485463326995
524.3686279020002
514.1633468034016
511.92073206006364
505.9432396511137
523.8423424271589
501.627675028087
534.129674714547
504.94510883901955
526.8687814823438
523.4812618453864
528.3995181217285
522.9594340853773
515.7336513009373
481.94929392944124
484.29534752853795
482.2908291477131
480.4071025874111
484.4641360670127
480.9110478186501
484.0909390908963
481.89513537337524
482.1330330951531
482.4363791145772
480.58307190112833
482.0749949439163
480.8583975968694
480.1774694683943
480.1411856327216
482.134859948702
482.27106434267756
484.3494748392272
480.2327525008275
480.73244762348367
483.13358453730433
479.554620088117
486.96841049620235
482.7455648663468
482.5585119657379
482.09230661173456
481.9757925116241
485.05632970607127
480.54593351733484
485.4188507544045
480.3934755464264
480.2782603487516
484.42026068058624
480.41327334662327
484.22033814787073
484.73979453810824
483.59023005060055
481.8846912675381
482.1243596394196
482.15216739080734
482.16734083041575
480.57246260985767
482.0420111702821
482.7047772779309
480.5158697324181
482.41122585478206
480.3753799649268
482.1741658426434
484.14606467636105
480.51945136810554
480.2220147114108
482.44058575258765
