485.5667134977033
475.07088951079817
477.6052541383693
484.4238208534207
480.9637878182542
476.8064153772364
473.50525429874835
464.2428687188448
479.89720987876717
478.2912297779263
484.6277437903686
475.6346289344034
497.54737037224555
488.8134455061725
448.00832810421804
446.77046912281526
446.1288515866095
445.7912359518208
447.01328477426
448.52306273462034
450.9447821406768
446.55562990748547
450.9603496797995
448.42776126556373
445.51527832195933
448.3447393184516
446.73389203059986
446.2339913620355
446.0528752395121
448.2115295049696
446.3332851824887
446.1374190637076
446.84286196369317
448.13034726882904
446.28978509210873
447.9468545770919
447.1278711230064
446.159273060457
449.1089464784074
446.6981344096389
448.1675722590076
445.57362856022394
446.654596337057
447.2487372705619
446.67569292202154
445.0858778105502
446.5074202092708
449.0500133432321
448.5339447343253
448.2921137134189
448.4604691115336
446.1485672385401
446.66285576946916
446.37531626161933
448.3642398932028
446.0102150761445
446.273446565764
446.53532326584514
446.35525511462833
448.7880781580043
446.77543260534765
448.3474123700135
445.7772917267985
446.36806949037685
448.1742419048189
446.4372147271033
