521.6708759501089
529.1051920465794
523.9272607002629
528.1537841581974
523.367457280913
526.2390349478384
529.967161790849
530.541602659243
524.5755671000069
526.643003426635
532.053779472464
534.0432785386641
519.0777109651925
521.9434138321714
523.3658464401218
523.1183395643397
522.5787566105322
524.8529554569402
518.943659552174
527.6661871859922
529.0108291365145
530.579152739579
520.4850263243391
528.7128538761885
522.3632174513626
519.7798110035151
533.7389424280835
522.8516678793607
521.993604056761
524.4325625324063
522.6519947395656
526.2471908790794
523.3344429844086
518.5762533722284
520.4208306765071
519.3445607808995
526.9275782993196
521.1123348602546
529.196566243212
523.0460456376693
523.1556219038739
522.1885232568015
526.4277143274516
521.2624804752703
524.0380144552623
525.8776470009685
523.1840711718776
531.1471390480417
523.5209960158508
525.1574156493863
524.6336432409125
527.7672260221337
517.6518507499088
521.8296192854499
522.6413535349147
520.4230740130364
520.9371091357325
524.2156407884642
522.1108742967882
520.631335167899
526.8150876108162
521.3982892342361
528.9410866386575
526.0720848607657
523.9313223946244
522.4343039439851
517.9068631878908
522.6617920370091
526.2815108508307
523.4767200043196
525.4967936034866
521.1654462429589
520.777767390581
526.3423309998187
527.9164481764915
521.5192736090219
521.6953688236779
523.2582627130821
522.1336252828573
521.4729071520622
520.6030978934507
521.1369583082668
522.6879530503958
521.0419031563166
520.232455353491
524.0858297370224
527.6758186304276
522.3655491333266
523.7001339436148
527.7606158567767
524.8548286111832
527.4391569395772
533.5684050442076
522.1907779986825
532.3216744095658
525.9346077841171
519.26586108797
525.9279134117263
519.2006427974807
523.8153403215983
521.2988873253114
519.4762077848264
528.8805507665536
523.5257778153381
531.5639493836413
523.4506277322968
522.3341926578684
529.2651204221876
519.3516363384344
527.5544537602261
518.7663793778902
521.8276678792998
527.874223761563
527.5476094833189
522.8503287590498
521.955642253455
527.3001438255201
532.5688396525813
521.3831657558791
523.8265161566834
529.0500442474337
520.7077569731925
521.0019216461054
520.3675912551427
524.5078043165439
523.9347594314962
530.7450408860834
522.827353679268
530.5504533225826
520.0004433046222
523.8114193476393
522.9283205490286
524.4211469298415
528.9586067215129
520.9512302925791
525.5578044623105
524.0029735410725
526.235656330389
519.6864607729518
526.7247147893639
523.2886925903939
523.8088434584628
520.6376293300478
520.2843082583161
522.1063176495192
523.3262155509358
524.3122304956977
527.6007441921907
518.8805008009217
520.6978872016258
523.0131642687167
521.5683270863733
520.2878761561569
519.6623208657028
520.3077092837366
524.0979589250134
527.0953865307112
519.767990964507
518.507727873504
522.3759619850942
519.3554027814813
529.4588595539215
518.3481793282992
523.9058534213891
523.1550152850276
519.0939508069479
530.3177624132595
518.5679195503674
526.4275918133266
524.1450945213724
525.4148190240902
519.2413479864658
528.5493163800728
520.0644238307716
522.2921261956094
521.0589104284736
520.6452285455399
522.1957756525504
526.026659142139
521.6205819576726
522.7660596102809
519.7963640365488
525.4496676865352
527.1391506716366
525.1192764333659
518.5727373412727
520.8783505665101
519.7092463891992
524.284345121035
530.2156749473525
522.8882652525017
528.0809113444296
531.4142382688849
528.2775309595422
522.1994956313831
523.2843325736119
519.6638000374962
522.9029503695986
527.8821847267044
526.4448604135553
525.8823904440492
520.7433462455181
518.4311494832439
524.4232369523397
524.8244546228138
530.3118457811223
522.74829204707
524.8815713311695
527.1820862783293
530.8133567456081
520.9531792784594
529.2558811475828
534.1539661281796
525.1862005274587
520.5690375197839
521.4036332711396
521.2900913756824
525.5634714149871
521.7563258468255
519.7314675551545
523.4006357917796
522.1993960515989
525.1791231145705
522.2130294541706
520.005156406496
530.205551967376
524.5816056838256
526.0647026017207
526.934379117963
522.9447858661146
520.0156289144923
523.2815698772176
525.4093256843267
528.9762096817373
527.0206173056336
527.6544203349933
518.878848160268
525.4761956213821
519.3005084175455
523.8902766579141
520.7039748480292
521.8112484108618
527.375732150436
538.8817787061381
528.1609083337015
519.9542437025816
520.2588767412176
523.5220658029533
524.6977732121106
529.2694141687058
525.9250060475126
530.6246455733215
524.9357557517959
530.8404311584362
521.768351466411
525.4761978791579
523.946366389903
520.841721917742
532.0624569871072
520.8341815925127
523.4235656968681
520.9470678408762
520.4689666657607
522.1233287892677
524.3364514426295
521.0714598902912
525.6131773522919
521.177203324518
526.9146523420978
523.7945492060859
520.7254535076422
528.3145855174768
525.5378025982284
518.6644761157912
521.1089495507185
526.1295174099928
525.875329303227
524.5012448009963
521.0685363195541
529.2660145504391
523.6353636541661
525.2015737425639
519.726636100965
518.4553923892977
524.5643471302554
523.0213794890989
524.2250532468356
524.2841337794765
525.2195569792389
528.4632086345838
523.378339515752
520.1392323836229
526.5879459095518
528.121681182498
519.5932533923567
519.7583418937264
526.2224288957071
523.1546812139312
526.23053785783
522.4064024910077
520.8419939142937
525.7028588253544
525.4151209503756
527.320978913653
523.093543679032
523.8837376199002
521.4105194451272
524.8633647837054
520.9377617471118
519.6160147001108
521.7918233560736
525.0992654305483
528.2469740540017
525.6253552929423
528.5704195933845
519.6907067805797
522.0050306127163
531.3350424327198
531.4380878223817
517.5263832059866
520.8189831930168
528.6074151095559
523.2851295983319
520.0274369939042
521.5071928967604
524.5524278419858
523.6795089408968
529.5229307240196
527.8797132696433
525.7345022367875
523.8431616441545
526.1978367933381
520.6771874127122
523.3244116902508
524.0677357136714
522.3092631233461
523.9414531396782
525.8911621941442
526.4762520464833
530.5507738879091
523.7271438423586
519.8552731554173
527.3462712082949
521.6670232335322
522.9753716791619
524.389667795147
523.1653532051275
523.2160138244315
528.2686002381498
520.3804751395965
523.1442449486225
520.4899308450223
522.639274316344
518.0114531940887
537.8553743236729
523.7800495549767
523.183192892119
518.533626729947
525.601471765208
519.1931355124043
528.5613603782023
531.1570148429616
520.8371247267394
529.7040425141514
520.3889296265929
526.899651837458
526.7712477109064
523.3043974915282
523.3319036377748
526.0544065783737
526.8068687667912
533.2855642746592
524.1774269395611
520.0455232746567
520.6812948254733
524.7210312587931
520.5012045694647
519.6947970738446
532.9657688567964
525.591029098935
523.7564664480719
518.1650747513788
525.6959571176731
519.7874339158043
529.2890663146545
520.9903256715387
520.8520033904528
520.4785194496346
526.3241711160049
520.4413017456018
519.6306319803602
531.5048070717456
521.9856863673716
527.4553370841396
523.8563945712049
526.7467587966395
525.421709466988
522.473056388018
517.9590302760189
523.2292415134168
520.6252494948114
519.3750435442955
523.5125882593386
526.9259301181585
520.1493373053256
524.316810454837
525.7254254880543
521.7854541373853
527.4610262313927
526.5628893453012
530.1777047337462
521.4153247617757
523.2820790516388
524.8317943252163
519.3411995542168
522.0228519608028
524.9819447257887
531.2494932570063
524.8940068418012
521.36269019871
530.0048942724027
527.964988963292
518.0654827450686
520.9197046142925
523.136910511058
520.299018675449
531.9282739496938
518.9438006732881
522.3096224774769
527.7344890719069
526.3313066734089
520.8103077718378
526.2548759705558
527.3489147775445
520.666351446684
519.0835648561339
528.3872052600849
518.9527113445808
525.1950648705592
528.6007342280783
520.9886034796624
521.760098850453
522.1217105757482
525.0322314799218
523.2120362993602
525.2107242787474
523.2687991183669
532.307581008376
526.079665686964
518.8834315557287
518.4109426506591
520.6272128508891
520.645732542423
520.1718953598698
519.3307440062864
522.2141460070709
527.5006186370948
526.8000571475837
518.5659565399369
523.115029533654
533.2737703605864
524.3895407639031
525.8436790714937
524.095816318115
521.7800943091689
523.3765486257809
526.4328340608232
522.3182207322079
517.6392871079461
524.0399198776764
522.7771310289324
527.1349324543488
526.8647706423013
526.6314568363126
526.2388384201735
524.5010650971733
531.5012825407767
522.4373744217646
525.5257423758959
524.4150495489281
520.9742209974117
529.6905787075314
521.9288529906157
528.9791979892815
533.9932691071613
521.2639560434694
523.8251113212483
522.3408537583431
519.6522532220433
519.4204394834389
532.4448998365708
522.3543035817524
519.5718992656265
522.4906185886748
527.5305473854067
519.4926034534011
529.6348191893911
524.4164236732428
522.8638800290051
525.0986554242778
527.0084950773555
520.4835430547998
524.4282243396166
517.9698684554065
523.1879979886216
525.9536777617249
532.4047450133609
524.0773106932063
519.2184521951468
522.3858012238366
520.5094022155192
522.0738873752604
524.1765184540267
524.4244637301132
532.5677321066848
525.3919321786603
522.4319098117479
525.6120106706887
521.6097113599067
522.7434740272258
525.1102930537371
533.792186429819
522.7851476416635
522.1440231575341
525.8671409460709
527.7877792280077
530.2139701872267
524.4462377899276
519.4050963891584
525.9862292142972
522.4410563590044
522.0264253187834
527.4570313252818
519.308635516332
524.8592358941506
523.9014891162082
519.1874849227939
525.0841595900648
523.8434135126234
527.1865746179003
522.9099528869349
524.3726852973238
528.6458597482867
532.6744352344849
525.2857100135204
524.6461402192124
523.4330315701208
523.1871480056701
520.8356788966656
519.8676150923764
521.8293965804302
530.8221304037213
522.3228567071449
520.1393233236456
528.0692001551147
525.8102899692765
527.9061228568557
516.5913968444364
526.3380162567216
521.9055185232387
528.0976686328502
520.2712291847046
521.9049088464915
520.7401485669154
533.2601057216832
520.8360456618553
528.3392383257358
523.7314168276338
519.2159040973086
525.3528783014291
525.0936548191731
521.1199070210241
528.2933858442783
525.4771915941477
525.6574328568797
528.2211359544698
540.39184425529
520.67504770157
523.2197570982578
520.6970117704238
522.9145439256167
528.3143301902904
522.0385812064092
519.8191548456273
524.4562207208392
521.4730067302144
529.0610319173417
527.422496749226
522.5659119449076
518.9697795138402
523.3472260715872
523.6569521175315
524.8387825958852
522.1720148257157
526.344835657668
526.3327795877065
519.7043642744987
525.4422848632522
527.250395455735
525.8018763861021
522.4593918740999
519.6249106506941
520.7608805777734
521.3765851009215
521.9311213135277
523.7741291773455
521.8113855751192
520.1473555721905
528.6709174707904
526.9897961670526
528.6669870908543
529.4014601490518
520.8853388977279
524.3130614782666
526.4291889071864
522.2047999439872
523.3014706456174
520.2639573747692
520.6205358859547
532.4688535003359
519.1612575948842
527.3467925324985
520.6943432027273
529.9051514872388
524.7642444540533
519.5919737257047
524.4609469346917
527.2969318750625
522.6655811338926
527.2612010034675
521.124061398425
523.4751168660604
520.2339045453002
525.3833150861678
522.9878131315104
520.4439692749207
526.7590840789896
526.6927445286776
519.8073853751232
526.0693893219295
523.322075085971
524.2027833610799
521.6206798592231
521.0355221604685
524.2895248899033
522.5064365967072
521.2876191346037
524.8556014350006
521.7148120563622
528.7278085863119
524.8623015655746
523.3006851534437
522.2541573346736
524.4383963468347
521.59024505107
526.7228562790831
524.1113495982004
520.0244387275474
526.300407821888
518.3306208247449
523.2068247531162
527.2515244025445
519.3984876383865
525.1766324556709
527.5417626220489
527.9665065284316
523.0120134497906
522.9903407545312
520.6292276880287
524.7761876241378
523.0566964762995
527.8798725011302
528.6925464068764
524.4992872306668
518.7254294750302
522.9745850021287
530.5858666294789
526.7871308932584
526.2613538514876
521.2746108581316
520.8400621804228
521.6758078124308
525.7929644275567
526.1369930652106
524.7425221136274
520.039584270022
521.0386910538194
524.506143794392
522.6906901102626
522.2463672945172
521.1270250313522
525.7362563238563
520.6362548150188
526.0434793178686
523.1750379588182
531.1220503318203
534.5275797144359
524.5467063458333
518.3053852591452
523.9323650164896
524.8393047693341
523.8338543056044
519.8593352236328
526.7833966482785
518.9149547965376
528.936046756826
521.0740013237943
518.7202649505355
525.6794273228422
520.9915652084231
521.0660141175817
523.7036376819466
523.7595806141159
523.7244666232432
526.187683672772
537.3806578035186
519.7676734701674
520.4281959811814
520.740789602835
521.5346868551762
526.9985921763422
522.4147696755681
521.1007685564964
525.5342913115984
532.9735618316843
524.7503821330114
517.6321380822346
518.7123983485579
520.5563249507001
520.896185474082
524.0241738442495
520.5345688780936
526.9064791100523
528.5804018475321
523.720694768882
520.2774029902929
522.8211947541075
520.5840765298203
521.3122307392999
525.029879840817
526.6033036343086
520.8455619619486
522.1377124813858
519.7084361305924
524.570172341341
524.8523484878872
535.8939511572285
525.7954776685876
522.7121997747623
524.4340993957351
525.9028963580361
528.347488026454
523.0409847986592
522.9146409085713
525.9515588651454
522.4252260552024
521.7095901249651
522.57280204201
519.8028600222294
524.1828319219004
522.810699670245
521.2188138448165
523.2393166047431
522.4613238919079
526.6106694868431
528.9890497208426
522.3587072518321
523.1845702937974
523.4567643011175
523.3552680211801
521.1536476215834
526.8765873030378
523.646779168837
524.5846638196467
519.7492510223583
519.419679702155
521.1743576743806
527.3032690900178
520.8954761559107
517.6955271713651
523.8217076193055
525.3768700292081
522.8201042257758
524.4694885095923
529.3880771946482
525.5740053620904
523.5515564138341
525.3209022035908
522.4482223780722
526.3850676735456
519.741537439966
538.6921320622431
525.0628558517856
524.3541045962231
521.7858598654753
520.8872108827238
521.3762764177565
528.779299613725
521.3018495145311
522.5132037098332
526.6915879682374
528.3677668332859
519.5624025884653
521.2152326167862
521.2110564752259
528.4374449449501
520.6745753887097
522.972200507545
524.7239616737728
530.1215378049936
526.5190787261652
523.4102201332245
522.4014104857458
525.6434189398707
531.3980180554557
521.3487985611919
524.5428782228048
519.7743049735762
521.5325607364979
537.2003782121254
521.0183674865963
523.2739249327439
522.1045251306696
529.3501046649022
522.2374269135889
519.0423918526567
529.5701007370867
521.3791322967129
519.1629089121221
527.6888542047864
521.8534451344964
521.6140415482599
523.7935648053192
523.7363276335902
525.0601970211203
525.0081735550476
527.8196416831976
522.4426036625722
525.3445604127555
527.7674760432942
522.6790512244778
524.432281850082
527.9387650747252
524.697388210304
526.7119202662241
520.8685622498728
527.8290487769083
528.5860602024221
535.2134453814753
524.0713745479475
521.6328462780997
523.276853470707
517.4283630490881
520.9483925787254
526.9100680421122
523.5749693949446
528.6286184293223
523.7044368861491
524.233435069138
520.1515337694301
521.9885969248093
535.2071279769439
525.8474964558486
522.1432236150398
524.2707119537204
523.4062182011575
525.1152511027747
522.3381400143064
520.854280523341
518.157424998711
521.092973885144
521.8390409022101
532.9088117551493
523.9828787945956
520.1349332074481
520.1901669450797
527.2393931136041
526.2009001632711
524.1053186375638
523.2436987603104
518.4283732767253
521.5727359366075
520.9224715718182
518.733062879579
532.836726035002
527.536383056085
524.5967569968197
525.4582538739029
536.496376379381
531.0226613624669
520.7629123795356
519.9238886583095
522.0955357510039
522.2037362410889
524.5218450906965
523.8155145540668
519.7794766083053
527.935680888546
527.9777199835688
520.5938373739598
520.3101204045001
530.490490291139
522.1985323023034
526.3044722884442
526.1167762856556
520.6440813068986
522.5862488987334
527.188386048986
522.2284434368725
518.510758011956
523.0454278009603
521.5058804767367
522.3434133477379
527.8973316178211
524.0059146965208
526.3973433234357
526.0757807620404
520.8636795521389
522.9272915928134
521.29654228238
520.1351649709158
518.8721619863485
526.4907314854236
523.3032569969183
519.4282439617313
