268.25953586248613
266.6706242247026
268.2341970465447
269.0828466222756
270.05032147537867
267.1189636313301
268.4331260499591
270.31587148817204
266.4437624695018
267.91823865515784
268.579969999778
268.2504315904631
270.51995588562505
267.06521925226923
268.4599191649751
266.666103330133
270.53817518861314
268.20905165232904
267.65274381967953
271.1555705472629
269.48045611301825
268.78593494095566
266.28051229198024
267.42011543959904
268.5111439007668
266.6405717984575
267.97656910195184
268.06093220547683
267.3358304399957
266.3156983405258
268.64983877783465
268.86611384402806
266.6360800192987
267.22359765547566
268.82292366952805
269.61046282460086
269.8031220732555
268.9443501820906
268.12806257733604
268.7080214136916
267.0174456714616
268.220144926323
270.0537907375494
266.4863335323255
268.75869307120547
267.4783165703774
268.1142685199982
267.0392743223987
269.1720266973912
268.36695487680686
268.1783215257175
266.0881549884312
268.46455680897714
266.10799719959743
268.56979172993994
267.57811851190337
266.2071474050456
265.9615352242105
266.8954566780675
267.2685053432793
267.9005559773871
270.2595521310204
268.3003789060256
268.1599315414315
266.7048247236489
266.66424021570816
266.9104382528405
268.3749058096828
267.2809248662183
266.8519614147351
267.02527921673413
268.3013273301049
266.2043586996862
267.53132559709724
267.12824122246957
268.15944319892384
266.3697282422685
267.7855112805442
268.4099000091755
268.09307166508495
267.32222625705754
267.26784689715754
269.1307547638079
270.13645079022416
266.962029031197
268.6999150339448
269.26123106134213
266.5837621001581
267.77605467760475
268.9305876270437
267.6483432522063
267.75902711722614
269.45623950817867
266.4228925804723
268.20910065086144
272.3115056554593
268.94001453388086
267.08290717041
266.3059933649869
268.35965936811823
268.82000796479315
267.7825597133529
266.40309958202283
268.1132482441283
265.9788016621307
268.0322010743605
267.12657323286334
267.0319834453207
268.1889608129537
266.85063858070026
266.5329958536674
268.3990179029069
268.81670431253576
270.20822020372805
268.7848265903062
266.59410445832
266.3440280385857
266.1588572753072
268.1329879203743
266.44161168009083
268.8520185690461
268.4173368951952
268.45488190201337
266.70035401935723
267.1783335032711
267.78061487028674
267.68970217960356
268.87410350000374
267.6777893431775
268.549512481594
270.17356893551624
267.79288462157933
267.6734502466061
268.12527764359817
267.4021549753407
267.1999112528759
268.5573514157571
270.09549830165406
268.4311903673785
267.76810223840016
268.9711625688824
268.57550206719384
269.28729525151215
269.4320854594181
268.55214111763763
268.5055696079213
268.10457597600714
268.34831266246067
268.01739927271706
266.4772404103425
267.6873821276981
269.48445547171485
268.00408233031845
269.06803212582486
268.9753849444238
268.0491567795862
267.5731857051483
268.35791317627917
269.5165514600943
266.9111076026494
266.7774487228673
266.58122696588185
268.1037365834877
266.77066008132664
270.97852450270824
266.32913810230247
267.564224310852
267.53320448311854
268.0122685337206
266.60550098171564
268.02737359529755
267.65836288439647
266.51860765694545
268.2414606014782
268.85935652159793
268.06576105294516
266.43080502295885
266.8256833509737
268.5665965662586
266.71805960790033
266.9722354304783
266.549911300144
268.21099389115375
267.4215882477276
268.3241583905309
267.3731615420136
266.5628104604182
266.8427230344771
268.62421219431417
266.65662898777
270.23825343889433
268.5232454632603
270.26334282109843
266.9609452616851
268.0302769474404
267.3656159762778
268.2719139573232
266.82158041130907
269.9524557936737
266.9191576681138
266.4151539459389
268.53848100741124
268.2810811979014
269.20420050312737
268.0440302121246
268.1504143785129
268.5054401663066
268.42714198866605
268.3489335244165
268.1792127143529
270.1600640568424
270.2587103897724
268.5004887186125
266.6159758047148
268.39189307268884
268.70709036096355
269.28429783750715
269.0611143835476
266.81679547921294
267.54285474691267
266.46305559543396
268.8669142216776
266.17441808399406
267.9980574002148
266.603047243136
268.3234429903259
267.02981818532396
268.40065382640336
268.74157600769547
268.13177479298656
268.3522081370895
266.8321639937628
269.9647768898483
268.8212683529045
269.0358463471737
266.3935453156831
265.79596190827294
267.6939877941214
268.89281132976106
270.07593780693696
266.7221622036229
269.36711508570266
267.0791581926142
270.61543855166946
269.1747816043243
266.97476282699154
269.46967670521497
265.6088330579401
266.3624723030344
268.0694117619937
268.5021471523898
269.0644153287368
266.7708679959462
268.33458491368543
271.6170875491996
267.9094607652465
268.22202601149877
267.37983846703435
268.95628694439665
266.7911652476215
269.3848361018849
266.7036078901936
266.5559046242126
270.23598246419135
271.13481658862617
269.05602265326445
269.3602234531677
268.52163615416316
270.41856564679347
266.7161636326458
267.4622376354035
268.0979038825364
267.2181966100682
268.48591897016695
268.1236328687223
267.5366318225705
266.9762287314479
267.3131841074258
267.97594191404437
268.3779712665084
269.32628244390844
267.4386346006941
268.28379209622744
266.71577059433093
266.5693063088768
267.5054629326093
269.92284947762505
266.9838294828169
269.2684130872926
269.88364901199395
266.64736092724445
267.22007734326644
266.5669183019907
269.83442538585956
268.6298537825887
267.8126629485289
267.2778415880611
265.89220927930944
268.40360177100604
268.1310254882486
266.644868052564
269.0901811215479
267.36438933813685
270.1693063302631
265.7972785498248
268.91431637144956
265.96243517322137
270.41878843894125
269.1395944358112
271.5195574628011
268.4768362392601
266.4505135003129
266.2492390210413
266.91405203047003
267.26789801624665
267.27789000780865
265.6888834109335
267.904144617277
268.477498234199
267.1919874575109
267.28227960043347
269.29055993671795
269.250946394431
266.85348132734555
266.1072768308607
268.20857873040217
268.05112054689477
267.2661909820646
268.66660154212406
268.3415484044601
266.7251577517451
268.4258486688062
269.1714338079592
268.3897974383136
268.57010736704797
268.87049739935236
268.17867374133374
266.6831022604706
267.14189396561653
267.7023982240009
268.48868220309606
266.9680598590395
267.46595992760336
267.9672935542905
266.98387076431106
265.4893898396997
266.15329643946137
267.2266375694796
266.80989474195053
268.83387214126
267.24716050417055
267.10042109934795
268.14798966368335
268.4115455856068
268.0839581811299
266.7536776672544
268.41079887820763
266.92487171510186
270.6255127839128
269.89079171119874
267.0327613083351
267.20845838638974
270.3030298600096
266.444475170617
267.80875319324207
268.852003187374
268.3378564050795
267.99866033965003
266.49018035453594
268.7980473802632
267.1431926042437
270.00195042562217
267.04049108640663
267.34442358803864
268.59218063091106
268.12226425670593
267.8304421065932
266.7270358686843
266.3201452434533
268.25402773806843
268.277625390613
267.05169214394806
266.65115213362816
266.2575726813501
267.8925507541934
270.8062021647334
266.5256860833376
266.4631012333184
270.45356826060214
269.0388759880635
268.0999146523095
266.7395480289186
268.4741363714108
268.1246425184777
266.39981873124344
268.2096391890699
270.45355243969317
266.59472453476195
268.1689029722757
267.3260960080699
267.2358881635368
266.5055918047675
268.1693697312886
266.9228414396709
268.6880062863132
268.31964155038264
268.3974194827165
268.1830980392275
270.66303107633144
267.14753736120497
268.63554160043697
266.8468666838541
268.5372186361863
268.83556456320576
268.5837920955425
266.5346473996289
268.44513353796924
269.30824030387987
267.90118713756675
267.7688391841874
267.17046384332866
266.5748815922473
266.48159791812986
266.24111012265394
267.6700957019691
266.71989508024444
266.4098663323874
268.1858497496329
266.623246129016
267.0575358378951
270.0731496865167
267.72870982310224
267.9514184937165
266.83963988219074
268.13225027854054
267.8009139605181
268.0128316272554
266.8911277462602
270.0936054177578
269.28170313715674
266.7238806926791
267.0308693748559
266.2308949777854
268.5896766357497
269.5938048363102
267.63126277101065
268.374089012444
267.2808095648065
270.9963711271683
266.4435873078093
266.5211389957021
268.8160451648525
266.7679278161848
266.2518067011816
268.72822848448635
268.178759578692
267.0601449627351
267.87944334883326
270.5775856794047
268.79373511721553
266.28679930106597
266.7882832858211
270.20671526331364
266.58095934623566
267.0350672134803
270.14118349599363
266.8695473451232
272.297968673226
268.9344259522785
267.3732254006145
267.0027184245471
267.8737738972166
268.15914685425656
267.9699894093667
266.47850782325276
268.16713889927576
266.8547664795672
268.28386997887645
267.3102628610685
266.83813664422564
269.02513335721403
266.41899070675674
268.33986397505544
270.3873871634049
268.64830962914675
268.02164597753483
266.850922381193
267.26969579299254
268.2104900503896
268.46764220202374
266.2548302602988
266.44889854675677
267.1768492726777
267.03619509984924
268.6105132558669
268.2129778557499
265.99634776692494
267.9891679571151
268.6154635858323
269.3865447899669
266.640327163717
267.22818718266325
266.91467059741785
269.9261997506771
266.91094466713554
269.3341444090865
269.33318870354304
268.12336190839363
269.6776492561769
268.54875662002934
270.42187368125667
270.2756020345907
267.64596281820377
267.0472852066845
266.89277910560526
268.3830209175772
269.3031943828794
268.4980951258915
270.19050544228946
266.7203157459409
270.084893167906
267.0689981360732
270.97511030216003
269.19390104073364
270.46198669571515
269.82492817266353
266.79532279212805
268.6090854278632
267.92518622018844
267.10337462195713
268.13519485404817
268.4688101958529
266.9755952407454
271.99859110041945
268.04858616325515
266.81368238554825
269.63541646410414
266.55862062560186
268.6620632376348
267.36417551726754
268.566128486583
266.2326450901341
266.1622304793612
267.04512724902844
270.26566361919726
268.3337136999912
268.24918780080014
268.89395957187287
267.7314282729099
271.1495599270005
268.0392129280023
266.5723311966139
267.4632681686666
268.6730089623511
268.14608420046534
271.4324974517164
267.06965091377754
267.10684080388563
267.84642362438734
267.859751132163
268.3397144576315
268.1525395569307
268.4596244676155
269.0292477235076
268.5958681067868
268.22772782070393
270.0848231933077
268.4203031763758
269.26806737198956
266.66508777846286
266.78484958214943
266.3869979817347
266.91616806135806
270.3290920628479
268.81852170946536
266.61600110308547
268.3842777470855
270.9417429304891
270.2014226147955
267.53047316994486
270.6629785164083
268.3328911798577
267.6627172375226
267.21877642538016
268.16500587896246
268.8677987000008
268.0542076551683
268.4621024832651
270.4487652928281
269.91545933498753
268.28312409928327
267.67737438574454
267.9957032590747
270.14157333888744
266.9682437154201
268.96768829219684
266.805016935518
268.3629903346251
265.86580500392705
268.34607774931953
266.5287671901505
268.69052214459475
270.0271294540435
269.31985227678854
265.93943590601856
267.3321680773462
266.594637711502
270.78085127200876
266.9170054690174
270.14495793827405
268.63014250081767
267.32159550697867
269.7162062400497
266.6802001160883
269.4090959005732
270.1694820491824
266.91584897167866
267.4720117386924
267.25324601095
267.1261300166464
267.2471570930498
267.22028949909014
268.36459325829605
269.91260261808145
267.58459248324385
267.67221290475464
267.9675127797252
269.5776604841747
268.79714528669115
266.910846207795
267.01937553116136
266.1169004780481
266.3845099347898
266.82757247844347
267.66892487059226
266.822938335337
268.503046547514
266.80668915675847
267.6656773387884
266.9106614714634
267.86190160152313
268.4843162955785
267.2605079221914
269.0940585041783
267.9979258104923
270.4746902690409
266.2122122220878
271.0725439991749
270.1290609059437
268.7159846208132
269.6133575941684
267.89513690301345
268.0799856117851
266.806092445361
268.70468452124504
268.07797254314653
267.3472564635601
269.97176087072796
266.8529388045138
268.17348571209135
270.67098325385456
266.6643795158697
266.65108144038925
268.11356728945526
267.35722567883994
268.4333165505969
266.4210568419412
267.0539027657864
267.94186908948575
266.4230043437246
268.1178079309558
270.18802720086757
267.01144571434975
269.9225535257575
268.80787642580935
268.2940331000237
267.80559689625676
268.8644993886009
265.8278854376987
268.1379199073926
268.55456257134443
266.5965868052337
266.9320788808468
266.5930776693046
266.57415472243633
267.1852206544566
269.9666076984903
267.1573717999591
266.7366349264608
267.91187884996043
268.87754157731564
266.3711892712048
267.2119864292682
266.62819397194556
267.47959957827953
269.75562130615975
268.7420793029695
267.9594285664779
268.06933994185505
266.75360012132506
267.62399162358184
269.6648734445426
268.6613391948952
267.4055922127831
268.3813215841137
269.7751303087981
269.9309301865183
265.71757597424056
271.18384585433364
266.68762199789376
268.87252890981904
266.28173223393566
266.8419924774065
266.49793844962534
266.0335111835816
265.8753068157735
268.8618084254408
267.15257545618334
269.33369055572535
266.6667267400372
269.3139243739341
268.21757445756106
267.9164169919701
265.65503163657513
266.05050695723213
272.3169553071626
267.16098525159475
267.00799010847953
268.1332804315919
268.94604467838866
266.6788529701178
269.5988430339928
268.31616294438425
268.2825232445902
266.58064168187053
265.9433011987531
267.28488953406224
267.0781598801834
268.49651546025143
266.38967273119385
268.8836358198425
268.83575665128615
269.4369842942024
268.8768755196669
267.2549278359339
268.0702718012793
268.23963582228686
268.3949675085906
266.75967055478935
268.28107091847204
266.89416407657825
269.65144070950237
267.31746808156254
268.38898214986034
267.83690400527115
266.68490681958974
269.9503618288985
269.4553182789079
267.4603538237262
270.2315326375511
267.06636132173975
266.9952221575229
266.2655225668676
270.36220043866825
270.10414057879433
267.43314916383497
265.73990422993876
266.07778511862466
266.35863796643287
266.9647770747845
268.38111597490513
268.10630318130575
266.65137078319145
267.14315858720244
269.23820385562675
268.2315238750712
268.5080879281148
268.5417794546443
267.1735724244727
266.0441006976245
266.9702925743521
266.4437519579184
268.4902540875374
269.5635842135267
266.56394206201406
268.0333247485961
270.4216099505659
266.50934200799037
266.6088287351604
268.28910311887194
268.43770246773397
266.78483917658616
269.4079372218131
267.4764863468405
267.7405058788216
270.39356608774034
268.48699327674245
266.5379101340069
266.86982293966116
267.1510504096026
266.79306172287806
267.1707181292739
267.1226759837655
268.6161753954353
266.3820565770779
266.85027491018684
268.8759177785751
266.463419759194
266.33263217019055
270.43148057182066
268.2364028933482
269.1686228173715
268.0125698231605
268.08545289546805
268.56493377406014
267.25755815235567
266.5551411163918
271.55793505560536
269.6553592707097
269.75920586730564
267.02887969637356
266.02433238525066
265.7754893104062
266.5969774399326
266.8773957382992
267.54905398238066
269.6310974968948
266.3879064197053
267.86379147230286
267.47583185467715
266.5905167024684
269.12677720889747
267.0120848543586
268.2286802281277
267.66373136815884
268.2627556064373
269.4583492348851
267.95974735647536
268.4250182980625
267.38221712872775
267.5823033884252
270.36239856441773
268.3400937798624
268.27023991020064
268.26127340388405
268.5867673221302
266.5453365110988
269.2055558016637
266.80505094444743
270.41112648951383
268.9455106006968
268.3046776670755
268.07797236197484
268.1492187422739
268.52467578938416
266.79511584777555
272.95844686407526
265.39143260769384
266.67685262318366
267.0398610364105
267.95880001917556
266.83429051896854
266.86694481936945
268.38133721863704
270.2089549563332
268.4517677413827
267.17230319151093
267.12963787079366
266.16454569091013
267.9156514899249
266.7161040183838
269.06627524806873
266.7565549815161
268.30777680881386
268.4000497597519
266.1111521520082
268.1249368315195
266.5909320203325
266.9042710581011
268.37483858947365
269.08381536990674
267.13143981071283
267.18612098923336
267.9297912328889
267.96723794791114
270.0272339926326
267.5155009186867
268.11850475651016
267.5481590473268
269.79596810065107
268.21929949889795
267.3778716501629
267.57548358021336
267.4642891383642
266.82768861639283
268.84597396235745
268.08881158549974
266.8338937984361
268.16872776216644
266.8445052609776
266.2989190295216
266.34252325996886
268.46577813144785
267.2441683164731
266.2061664149665
271.21601955549374
268.01884829556406
269.4058483168113
268.13108402255125
269.0834341930717
267.2489585693696
268.1707204995474
267.513908506342
266.3682582645376
268.804392245958
269.91110208215923
270.8531911902315
267.45474513351405
267.0616249589458
268.9308587921978
268.16637974062144
270.25471990538665
267.85854162002363
270.0971026871097
265.8789302326714
267.82759126710454
266.43220179396405
268.4875809290492
266.4890001683768
266.04020611245136
267.67536072702563
266.6481705400941
268.111703063036
267.0498248554683
267.986371259947
267.0639352162617
269.7134830498338
267.74471837555063
269.1295775592235
266.8010919378421
270.51089749006076
268.291592275136
268.01655872516955
268.3994473719582
268.10759471771087
270.40341071848303
268.4810477863522
266.2232852679903
267.222313184364
267.31188313077143
266.8175908629422
265.7153527515152
268.5851080825521
268.92585939366313
266.85753553253215
266.1278487488184
265.93147326742263
267.8960036074944
268.04494949344814
266.01154282340843
269.2573492780175
267.1751540267215
270.2318919832886
267.48115687496784
266.78286144562003
269.3111985172624
266.67017752569143
270.5302851363289
266.8321045926232
268.8096267937885
268.7444501149093
266.5437440678001
267.56994714187084
268.45870432669113
266.693755689194
268.79873655637647
267.7213695298004
268.31474525914217
268.6292545478427
268.4575520353456
268.37394480351776
268.53505146803707
268.8005270398801
268.5281428121505
267.18592616828033
268.2321506246133
266.5212808445225
267.149329886784
267.60467627343365
269.73031406310133
268.77884539203257
270.2140612787738
268.45626180858324
268.39750450661086
266.68601182465505
268.25966118979215
266.8697704276113
268.8533199295831
266.90590965144963
269.25692870041473
268.31868799065614
268.0381192384384
